32,84,org.dynjs.runtime.ForExprInStatementTest:testBasicLoop
33,89,org.dynjs.runtime.ForExprInStatementTest:testBasicLoop
34,89,org.dynjs.runtime.ForExprInStatementTest:testBasicLoop
35,89,org.dynjs.runtime.ForExprInStatementTest:testBasicLoop
36,91,org.dynjs.runtime.ForExprInStatementTest:testBasicLoop
37,95,org.dynjs.runtime.ForExprInStatementTest:testBasicLoop
42,104,org.dynjs.runtime.ForExprInStatementTest:testBasicLoop
43,104,org.dynjs.runtime.ForExprInStatementTest:testBasicLoop
19,66,org.dynjs.runtime.ForExprInStatementTest:testBasicLoop
20,66,org.dynjs.runtime.ForExprInStatementTest:testBasicLoop
21,66,org.dynjs.runtime.ForExprInStatementTest:testBasicLoop
22,69,org.dynjs.runtime.ForExprInStatementTest:testBasicLoop
23,69,org.dynjs.runtime.ForExprInStatementTest:testBasicLoop
24,80,org.dynjs.runtime.ForExprInStatementTest:testBasicLoop
25,80,org.dynjs.runtime.ForExprInStatementTest:testBasicLoop
26,80,org.dynjs.runtime.ForExprInStatementTest:testBasicLoop
27,82,org.dynjs.runtime.ForExprInStatementTest:testBasicLoop
28,82,org.dynjs.runtime.ForExprInStatementTest:testBasicLoop
29,82,org.dynjs.runtime.ForExprInStatementTest:testBasicLoop
30,84,org.dynjs.runtime.ForExprInStatementTest:testBasicLoop
31,84,org.dynjs.runtime.ForExprInStatementTest:testBasicLoop
32,84,org.dynjs.runtime.ForExprInStatementTest:testInStatement
33,89,org.dynjs.runtime.ForExprInStatementTest:testInStatement
34,89,org.dynjs.runtime.ForExprInStatementTest:testInStatement
35,89,org.dynjs.runtime.ForExprInStatementTest:testInStatement
36,91,org.dynjs.runtime.ForExprInStatementTest:testInStatement
37,95,org.dynjs.runtime.ForExprInStatementTest:testInStatement
42,104,org.dynjs.runtime.ForExprInStatementTest:testInStatement
43,104,org.dynjs.runtime.ForExprInStatementTest:testInStatement
19,66,org.dynjs.runtime.ForExprInStatementTest:testInStatement
20,66,org.dynjs.runtime.ForExprInStatementTest:testInStatement
21,66,org.dynjs.runtime.ForExprInStatementTest:testInStatement
22,69,org.dynjs.runtime.ForExprInStatementTest:testInStatement
23,69,org.dynjs.runtime.ForExprInStatementTest:testInStatement
24,80,org.dynjs.runtime.ForExprInStatementTest:testInStatement
25,80,org.dynjs.runtime.ForExprInStatementTest:testInStatement
26,80,org.dynjs.runtime.ForExprInStatementTest:testInStatement
27,82,org.dynjs.runtime.ForExprInStatementTest:testInStatement
28,82,org.dynjs.runtime.ForExprInStatementTest:testInStatement
29,82,org.dynjs.runtime.ForExprInStatementTest:testInStatement
30,84,org.dynjs.runtime.ForExprInStatementTest:testInStatement
31,84,org.dynjs.runtime.ForExprInStatementTest:testInStatement
19,66,org.dynjs.runtime.builtins.types.BuiltinBooleanTest:testToString
20,66,org.dynjs.runtime.builtins.types.BuiltinBooleanTest:testToString
21,66,org.dynjs.runtime.builtins.types.BuiltinBooleanTest:testToString
22,69,org.dynjs.runtime.builtins.types.BuiltinBooleanTest:testToString
23,69,org.dynjs.runtime.builtins.types.BuiltinBooleanTest:testToString
24,80,org.dynjs.runtime.builtins.types.BuiltinBooleanTest:testToString
25,80,org.dynjs.runtime.builtins.types.BuiltinBooleanTest:testToString
26,80,org.dynjs.runtime.builtins.types.BuiltinBooleanTest:testToString
32,84,org.dynjs.runtime.BenBreaksStuffTest:testBenComplainsAboutCoffeeScript
33,89,org.dynjs.runtime.BenBreaksStuffTest:testBenComplainsAboutCoffeeScript
34,89,org.dynjs.runtime.BenBreaksStuffTest:testBenComplainsAboutCoffeeScript
35,89,org.dynjs.runtime.BenBreaksStuffTest:testBenComplainsAboutCoffeeScript
36,91,org.dynjs.runtime.BenBreaksStuffTest:testBenComplainsAboutCoffeeScript
37,95,org.dynjs.runtime.BenBreaksStuffTest:testBenComplainsAboutCoffeeScript
42,104,org.dynjs.runtime.BenBreaksStuffTest:testBenComplainsAboutCoffeeScript
43,104,org.dynjs.runtime.BenBreaksStuffTest:testBenComplainsAboutCoffeeScript
19,66,org.dynjs.runtime.BenBreaksStuffTest:testBenComplainsAboutCoffeeScript
20,66,org.dynjs.runtime.BenBreaksStuffTest:testBenComplainsAboutCoffeeScript
21,66,org.dynjs.runtime.BenBreaksStuffTest:testBenComplainsAboutCoffeeScript
22,69,org.dynjs.runtime.BenBreaksStuffTest:testBenComplainsAboutCoffeeScript
23,69,org.dynjs.runtime.BenBreaksStuffTest:testBenComplainsAboutCoffeeScript
24,80,org.dynjs.runtime.BenBreaksStuffTest:testBenComplainsAboutCoffeeScript
25,80,org.dynjs.runtime.BenBreaksStuffTest:testBenComplainsAboutCoffeeScript
26,80,org.dynjs.runtime.BenBreaksStuffTest:testBenComplainsAboutCoffeeScript
27,82,org.dynjs.runtime.BenBreaksStuffTest:testBenComplainsAboutCoffeeScript
28,82,org.dynjs.runtime.BenBreaksStuffTest:testBenComplainsAboutCoffeeScript
29,82,org.dynjs.runtime.BenBreaksStuffTest:testBenComplainsAboutCoffeeScript
30,84,org.dynjs.runtime.BenBreaksStuffTest:testBenComplainsAboutCoffeeScript
31,84,org.dynjs.runtime.BenBreaksStuffTest:testBenComplainsAboutCoffeeScript
32,84,org.dynjs.runtime.BenBreaksStuffTest:testBenComplainsAboutStuff1
33,89,org.dynjs.runtime.BenBreaksStuffTest:testBenComplainsAboutStuff1
34,89,org.dynjs.runtime.BenBreaksStuffTest:testBenComplainsAboutStuff1
35,89,org.dynjs.runtime.BenBreaksStuffTest:testBenComplainsAboutStuff1
36,91,org.dynjs.runtime.BenBreaksStuffTest:testBenComplainsAboutStuff1
37,95,org.dynjs.runtime.BenBreaksStuffTest:testBenComplainsAboutStuff1
42,104,org.dynjs.runtime.BenBreaksStuffTest:testBenComplainsAboutStuff1
43,104,org.dynjs.runtime.BenBreaksStuffTest:testBenComplainsAboutStuff1
19,66,org.dynjs.runtime.BenBreaksStuffTest:testBenComplainsAboutStuff1
20,66,org.dynjs.runtime.BenBreaksStuffTest:testBenComplainsAboutStuff1
21,66,org.dynjs.runtime.BenBreaksStuffTest:testBenComplainsAboutStuff1
22,69,org.dynjs.runtime.BenBreaksStuffTest:testBenComplainsAboutStuff1
23,69,org.dynjs.runtime.BenBreaksStuffTest:testBenComplainsAboutStuff1
24,80,org.dynjs.runtime.BenBreaksStuffTest:testBenComplainsAboutStuff1
25,80,org.dynjs.runtime.BenBreaksStuffTest:testBenComplainsAboutStuff1
26,80,org.dynjs.runtime.BenBreaksStuffTest:testBenComplainsAboutStuff1
27,82,org.dynjs.runtime.BenBreaksStuffTest:testBenComplainsAboutStuff1
28,82,org.dynjs.runtime.BenBreaksStuffTest:testBenComplainsAboutStuff1
29,82,org.dynjs.runtime.BenBreaksStuffTest:testBenComplainsAboutStuff1
30,84,org.dynjs.runtime.BenBreaksStuffTest:testBenComplainsAboutStuff1
31,84,org.dynjs.runtime.BenBreaksStuffTest:testBenComplainsAboutStuff1
19,66,org.dynjs.runtime.builtins.MathTest:testLog10eDoesNotEnum
20,66,org.dynjs.runtime.builtins.MathTest:testLog10eDoesNotEnum
21,66,org.dynjs.runtime.builtins.MathTest:testLog10eDoesNotEnum
22,69,org.dynjs.runtime.builtins.MathTest:testLog10eDoesNotEnum
23,69,org.dynjs.runtime.builtins.MathTest:testLog10eDoesNotEnum
24,80,org.dynjs.runtime.builtins.MathTest:testLog10eDoesNotEnum
25,80,org.dynjs.runtime.builtins.MathTest:testLog10eDoesNotEnum
26,80,org.dynjs.runtime.builtins.MathTest:testLog10eDoesNotEnum
