0	ReplaceConstant	com.graphhopper.routing.util.MotorcycleFlagEncoder.<init>()V:47 - ReplaceConstant - 5 -> 0
1	ReplaceConstant	com.graphhopper.routing.util.MotorcycleFlagEncoder.<init>()V:47 - ReplaceConstant - 5 -> 1
2	ReplaceConstant	com.graphhopper.routing.util.MotorcycleFlagEncoder.<init>()V:47 - ReplaceConstant - 5 -> -1
3	ReplaceConstant	com.graphhopper.routing.util.MotorcycleFlagEncoder.<init>()V:47 - ReplaceConstant - 5 -> 4
4	ReplaceConstant	com.graphhopper.routing.util.MotorcycleFlagEncoder.<init>()V:47 - ReplaceConstant - 5 -> 6
5	ReplaceConstant	com.graphhopper.routing.util.MotorcycleFlagEncoder.<init>()V:47 - ReplaceConstant - 5.0 -> 0.0
6	ReplaceConstant	com.graphhopper.routing.util.MotorcycleFlagEncoder.<init>()V:47 - ReplaceConstant - 5.0 -> 1.0
7	ReplaceConstant	com.graphhopper.routing.util.MotorcycleFlagEncoder.<init>()V:47 - ReplaceConstant - 5.0 -> -1.0
8	ReplaceConstant	com.graphhopper.routing.util.MotorcycleFlagEncoder.<init>()V:47 - ReplaceConstant - 5.0 -> 4.0
9	ReplaceConstant	com.graphhopper.routing.util.MotorcycleFlagEncoder.<init>()V:47 - ReplaceConstant - 5.0 -> 6.0
10	ReplaceConstant	com.graphhopper.routing.util.MotorcycleFlagEncoder.<init>()V:47 - ReplaceConstant - 0 -> 1
11	ReplaceConstant	com.graphhopper.routing.util.MotorcycleFlagEncoder.<init>(Lcom/graphhopper/util/PMap;)V:51 - ReplaceConstant - speed_bits -> 
12	ReplaceConstant	com.graphhopper.routing.util.MotorcycleFlagEncoder.<init>(Lcom/graphhopper/util/PMap;)V:51 - ReplaceConstant - 5 -> 0
13	ReplaceConstant	com.graphhopper.routing.util.MotorcycleFlagEncoder.<init>(Lcom/graphhopper/util/PMap;)V:51 - ReplaceConstant - 5 -> 1
14	ReplaceConstant	com.graphhopper.routing.util.MotorcycleFlagEncoder.<init>(Lcom/graphhopper/util/PMap;)V:51 - ReplaceConstant - 5 -> -1
15	ReplaceConstant	com.graphhopper.routing.util.MotorcycleFlagEncoder.<init>(Lcom/graphhopper/util/PMap;)V:51 - ReplaceConstant - 5 -> 4
16	ReplaceConstant	com.graphhopper.routing.util.MotorcycleFlagEncoder.<init>(Lcom/graphhopper/util/PMap;)V:51 - ReplaceConstant - 5 -> 6
17	ReplaceConstant	com.graphhopper.routing.util.MotorcycleFlagEncoder.<init>(Lcom/graphhopper/util/PMap;)V:52 - ReplaceConstant - speed_factor -> 
18	ReplaceConstant	com.graphhopper.routing.util.MotorcycleFlagEncoder.<init>(Lcom/graphhopper/util/PMap;)V:52 - ReplaceConstant - 5.0 -> 0.0
19	ReplaceConstant	com.graphhopper.routing.util.MotorcycleFlagEncoder.<init>(Lcom/graphhopper/util/PMap;)V:52 - ReplaceConstant - 5.0 -> 1.0
20	ReplaceConstant	com.graphhopper.routing.util.MotorcycleFlagEncoder.<init>(Lcom/graphhopper/util/PMap;)V:52 - ReplaceConstant - 5.0 -> -1.0
21	ReplaceConstant	com.graphhopper.routing.util.MotorcycleFlagEncoder.<init>(Lcom/graphhopper/util/PMap;)V:52 - ReplaceConstant - 5.0 -> 4.0
22	ReplaceConstant	com.graphhopper.routing.util.MotorcycleFlagEncoder.<init>(Lcom/graphhopper/util/PMap;)V:52 - ReplaceConstant - 5.0 -> 6.0
23	ReplaceConstant	com.graphhopper.routing.util.MotorcycleFlagEncoder.<init>(Lcom/graphhopper/util/PMap;)V:53 - ReplaceConstant - turn_costs -> 
24	ReplaceConstant	com.graphhopper.routing.util.MotorcycleFlagEncoder.<init>(Lcom/graphhopper/util/PMap;)V:53 - ReplaceConstant - 0 -> 1
25	ReplaceComparisonOperator	com.graphhopper.routing.util.MotorcycleFlagEncoder.<init>(Lcom/graphhopper/util/PMap;)V:54 - ReplaceComparisonOperator == -> -2
26	ReplaceComparisonOperator	com.graphhopper.routing.util.MotorcycleFlagEncoder.<init>(Lcom/graphhopper/util/PMap;)V:54 - ReplaceComparisonOperator == -> >=
27	ReplaceComparisonOperator	com.graphhopper.routing.util.MotorcycleFlagEncoder.<init>(Lcom/graphhopper/util/PMap;)V:54 - ReplaceComparisonOperator == -> <=
28	ReplaceConstant	com.graphhopper.routing.util.MotorcycleFlagEncoder.<init>(Lcom/graphhopper/util/PMap;)V:54 - ReplaceConstant - 1 -> 0
29	ReplaceConstant	com.graphhopper.routing.util.MotorcycleFlagEncoder.<init>(Lcom/graphhopper/util/PMap;)V:54 - ReplaceConstant - 0 -> 1
30	ReplaceConstant	com.graphhopper.routing.util.MotorcycleFlagEncoder.<init>(Lcom/graphhopper/util/PMap;)V:57 - ReplaceConstant - block_fords -> 
31	ReplaceConstant	com.graphhopper.routing.util.MotorcycleFlagEncoder.<init>(Lcom/graphhopper/util/PMap;)V:57 - ReplaceConstant - 1 -> 0
32	InsertUnaryOp	com.graphhopper.routing.util.MotorcycleFlagEncoder.<init>(IDI)V:65 - InsertUnaryOp Negation of speedBits
33	InsertUnaryOp	com.graphhopper.routing.util.MotorcycleFlagEncoder.<init>(IDI)V:65 - InsertUnaryOp IINC 1 speedBits
34	InsertUnaryOp	com.graphhopper.routing.util.MotorcycleFlagEncoder.<init>(IDI)V:65 - InsertUnaryOp IINC -1 speedBits
35	InsertUnaryOp	com.graphhopper.routing.util.MotorcycleFlagEncoder.<init>(IDI)V:65 - InsertUnaryOp Negation of speedFactor
36	InsertUnaryOp	com.graphhopper.routing.util.MotorcycleFlagEncoder.<init>(IDI)V:65 - InsertUnaryOp Negation of maxTurnCosts
37	InsertUnaryOp	com.graphhopper.routing.util.MotorcycleFlagEncoder.<init>(IDI)V:65 - InsertUnaryOp IINC 1 maxTurnCosts
38	InsertUnaryOp	com.graphhopper.routing.util.MotorcycleFlagEncoder.<init>(IDI)V:65 - InsertUnaryOp IINC -1 maxTurnCosts
39	ReplaceConstant	com.graphhopper.routing.util.MotorcycleFlagEncoder.<init>(IDI)V:66 - ReplaceConstant - motorcar -> 
40	ReplaceConstant	com.graphhopper.routing.util.MotorcycleFlagEncoder.<init>(IDI)V:68 - ReplaceConstant - motorcycle -> 
41	ReplaceConstant	com.graphhopper.routing.util.MotorcycleFlagEncoder.<init>(IDI)V:70 - ReplaceConstant - bus_trap -> 
42	ReplaceConstant	com.graphhopper.routing.util.MotorcycleFlagEncoder.<init>(IDI)V:71 - ReplaceConstant - sump_buster -> 
43	ReplaceConstant	com.graphhopper.routing.util.MotorcycleFlagEncoder.<init>(IDI)V:76 - ReplaceConstant - grade1 -> 
44	ReplaceConstant	com.graphhopper.routing.util.MotorcycleFlagEncoder.<init>(IDI)V:76 - ReplaceConstant - 20 -> 0
45	ReplaceConstant	com.graphhopper.routing.util.MotorcycleFlagEncoder.<init>(IDI)V:76 - ReplaceConstant - 20 -> 1
46	ReplaceConstant	com.graphhopper.routing.util.MotorcycleFlagEncoder.<init>(IDI)V:76 - ReplaceConstant - 20 -> -1
47	ReplaceConstant	com.graphhopper.routing.util.MotorcycleFlagEncoder.<init>(IDI)V:76 - ReplaceConstant - 20 -> 19
48	ReplaceConstant	com.graphhopper.routing.util.MotorcycleFlagEncoder.<init>(IDI)V:76 - ReplaceConstant - 20 -> 21
49	ReplaceConstant	com.graphhopper.routing.util.MotorcycleFlagEncoder.<init>(IDI)V:77 - ReplaceConstant - grade2 -> 
50	ReplaceConstant	com.graphhopper.routing.util.MotorcycleFlagEncoder.<init>(IDI)V:77 - ReplaceConstant - 15 -> 0
51	ReplaceConstant	com.graphhopper.routing.util.MotorcycleFlagEncoder.<init>(IDI)V:77 - ReplaceConstant - 15 -> 1
52	ReplaceConstant	com.graphhopper.routing.util.MotorcycleFlagEncoder.<init>(IDI)V:77 - ReplaceConstant - 15 -> -1
53	ReplaceConstant	com.graphhopper.routing.util.MotorcycleFlagEncoder.<init>(IDI)V:77 - ReplaceConstant - 15 -> 14
54	ReplaceConstant	com.graphhopper.routing.util.MotorcycleFlagEncoder.<init>(IDI)V:77 - ReplaceConstant - 15 -> 16
55	ReplaceConstant	com.graphhopper.routing.util.MotorcycleFlagEncoder.<init>(IDI)V:78 - ReplaceConstant - grade3 -> 
56	ReplaceConstant	com.graphhopper.routing.util.MotorcycleFlagEncoder.<init>(IDI)V:78 - ReplaceConstant - 10 -> 0
57	ReplaceConstant	com.graphhopper.routing.util.MotorcycleFlagEncoder.<init>(IDI)V:78 - ReplaceConstant - 10 -> 1
58	ReplaceConstant	com.graphhopper.routing.util.MotorcycleFlagEncoder.<init>(IDI)V:78 - ReplaceConstant - 10 -> -1
59	ReplaceConstant	com.graphhopper.routing.util.MotorcycleFlagEncoder.<init>(IDI)V:78 - ReplaceConstant - 10 -> 9
60	ReplaceConstant	com.graphhopper.routing.util.MotorcycleFlagEncoder.<init>(IDI)V:78 - ReplaceConstant - 10 -> 11
61	ReplaceConstant	com.graphhopper.routing.util.MotorcycleFlagEncoder.<init>(IDI)V:79 - ReplaceConstant - grade4 -> 
62	ReplaceConstant	com.graphhopper.routing.util.MotorcycleFlagEncoder.<init>(IDI)V:79 - ReplaceConstant - 5 -> 0
63	ReplaceConstant	com.graphhopper.routing.util.MotorcycleFlagEncoder.<init>(IDI)V:79 - ReplaceConstant - 5 -> 1
64	ReplaceConstant	com.graphhopper.routing.util.MotorcycleFlagEncoder.<init>(IDI)V:79 - ReplaceConstant - 5 -> -1
65	ReplaceConstant	com.graphhopper.routing.util.MotorcycleFlagEncoder.<init>(IDI)V:79 - ReplaceConstant - 5 -> 4
66	ReplaceConstant	com.graphhopper.routing.util.MotorcycleFlagEncoder.<init>(IDI)V:79 - ReplaceConstant - 5 -> 6
67	ReplaceConstant	com.graphhopper.routing.util.MotorcycleFlagEncoder.<init>(IDI)V:80 - ReplaceConstant - grade5 -> 
68	ReplaceConstant	com.graphhopper.routing.util.MotorcycleFlagEncoder.<init>(IDI)V:80 - ReplaceConstant - 5 -> 0
69	ReplaceConstant	com.graphhopper.routing.util.MotorcycleFlagEncoder.<init>(IDI)V:80 - ReplaceConstant - 5 -> 1
70	ReplaceConstant	com.graphhopper.routing.util.MotorcycleFlagEncoder.<init>(IDI)V:80 - ReplaceConstant - 5 -> -1
71	ReplaceConstant	com.graphhopper.routing.util.MotorcycleFlagEncoder.<init>(IDI)V:80 - ReplaceConstant - 5 -> 4
72	ReplaceConstant	com.graphhopper.routing.util.MotorcycleFlagEncoder.<init>(IDI)V:80 - ReplaceConstant - 5 -> 6
73	ReplaceConstant	com.graphhopper.routing.util.MotorcycleFlagEncoder.<init>(IDI)V:82 - ReplaceConstant - motorway -> 
74	ReplaceConstant	com.graphhopper.routing.util.MotorcycleFlagEncoder.<init>(IDI)V:83 - ReplaceConstant - trunk -> 
75	ReplaceConstant	com.graphhopper.routing.util.MotorcycleFlagEncoder.<init>(IDI)V:84 - ReplaceConstant - motorroad -> 
76	ReplaceConstant	com.graphhopper.routing.util.MotorcycleFlagEncoder.<init>(IDI)V:85 - ReplaceConstant - residential -> 
77	ReplaceConstant	com.graphhopper.routing.util.MotorcycleFlagEncoder.<init>(IDI)V:87 - ReplaceConstant - primary -> 
78	ReplaceConstant	com.graphhopper.routing.util.MotorcycleFlagEncoder.<init>(IDI)V:88 - ReplaceConstant - secondary -> 
79	ReplaceConstant	com.graphhopper.routing.util.MotorcycleFlagEncoder.<init>(IDI)V:89 - ReplaceConstant - tertiary -> 
80	ReplaceConstant	com.graphhopper.routing.util.MotorcycleFlagEncoder.<init>(IDI)V:91 - ReplaceConstant - 120 -> 0
81	ReplaceConstant	com.graphhopper.routing.util.MotorcycleFlagEncoder.<init>(IDI)V:91 - ReplaceConstant - 120 -> 1
82	ReplaceConstant	com.graphhopper.routing.util.MotorcycleFlagEncoder.<init>(IDI)V:91 - ReplaceConstant - 120 -> -1
83	ReplaceConstant	com.graphhopper.routing.util.MotorcycleFlagEncoder.<init>(IDI)V:91 - ReplaceConstant - 120 -> 119
84	ReplaceConstant	com.graphhopper.routing.util.MotorcycleFlagEncoder.<init>(IDI)V:91 - ReplaceConstant - 120 -> 121
85	ReplaceConstant	com.graphhopper.routing.util.MotorcycleFlagEncoder.<init>(IDI)V:94 - ReplaceConstant - motorway -> 
86	ReplaceConstant	com.graphhopper.routing.util.MotorcycleFlagEncoder.<init>(IDI)V:94 - ReplaceConstant - 100 -> 0
87	ReplaceConstant	com.graphhopper.routing.util.MotorcycleFlagEncoder.<init>(IDI)V:94 - ReplaceConstant - 100 -> 1
88	ReplaceConstant	com.graphhopper.routing.util.MotorcycleFlagEncoder.<init>(IDI)V:94 - ReplaceConstant - 100 -> -1
89	ReplaceConstant	com.graphhopper.routing.util.MotorcycleFlagEncoder.<init>(IDI)V:94 - ReplaceConstant - 100 -> 99
90	ReplaceConstant	com.graphhopper.routing.util.MotorcycleFlagEncoder.<init>(IDI)V:94 - ReplaceConstant - 100 -> 101
91	ReplaceConstant	com.graphhopper.routing.util.MotorcycleFlagEncoder.<init>(IDI)V:95 - ReplaceConstant - motorway_link -> 
92	ReplaceConstant	com.graphhopper.routing.util.MotorcycleFlagEncoder.<init>(IDI)V:95 - ReplaceConstant - 70 -> 0
93	ReplaceConstant	com.graphhopper.routing.util.MotorcycleFlagEncoder.<init>(IDI)V:95 - ReplaceConstant - 70 -> 1
94	ReplaceConstant	com.graphhopper.routing.util.MotorcycleFlagEncoder.<init>(IDI)V:95 - ReplaceConstant - 70 -> -1
95	ReplaceConstant	com.graphhopper.routing.util.MotorcycleFlagEncoder.<init>(IDI)V:95 - ReplaceConstant - 70 -> 69
96	ReplaceConstant	com.graphhopper.routing.util.MotorcycleFlagEncoder.<init>(IDI)V:95 - ReplaceConstant - 70 -> 71
97	ReplaceConstant	com.graphhopper.routing.util.MotorcycleFlagEncoder.<init>(IDI)V:96 - ReplaceConstant - motorroad -> 
98	ReplaceConstant	com.graphhopper.routing.util.MotorcycleFlagEncoder.<init>(IDI)V:96 - ReplaceConstant - 90 -> 0
99	ReplaceConstant	com.graphhopper.routing.util.MotorcycleFlagEncoder.<init>(IDI)V:96 - ReplaceConstant - 90 -> 1
100	ReplaceConstant	com.graphhopper.routing.util.MotorcycleFlagEncoder.<init>(IDI)V:96 - ReplaceConstant - 90 -> -1
101	ReplaceConstant	com.graphhopper.routing.util.MotorcycleFlagEncoder.<init>(IDI)V:96 - ReplaceConstant - 90 -> 89
102	ReplaceConstant	com.graphhopper.routing.util.MotorcycleFlagEncoder.<init>(IDI)V:96 - ReplaceConstant - 90 -> 91
103	ReplaceConstant	com.graphhopper.routing.util.MotorcycleFlagEncoder.<init>(IDI)V:98 - ReplaceConstant - trunk -> 
104	ReplaceConstant	com.graphhopper.routing.util.MotorcycleFlagEncoder.<init>(IDI)V:98 - ReplaceConstant - 80 -> 0
105	ReplaceConstant	com.graphhopper.routing.util.MotorcycleFlagEncoder.<init>(IDI)V:98 - ReplaceConstant - 80 -> 1
106	ReplaceConstant	com.graphhopper.routing.util.MotorcycleFlagEncoder.<init>(IDI)V:98 - ReplaceConstant - 80 -> -1
107	ReplaceConstant	com.graphhopper.routing.util.MotorcycleFlagEncoder.<init>(IDI)V:98 - ReplaceConstant - 80 -> 79
108	ReplaceConstant	com.graphhopper.routing.util.MotorcycleFlagEncoder.<init>(IDI)V:98 - ReplaceConstant - 80 -> 81
109	ReplaceConstant	com.graphhopper.routing.util.MotorcycleFlagEncoder.<init>(IDI)V:99 - ReplaceConstant - trunk_link -> 
110	ReplaceConstant	com.graphhopper.routing.util.MotorcycleFlagEncoder.<init>(IDI)V:99 - ReplaceConstant - 75 -> 0
111	ReplaceConstant	com.graphhopper.routing.util.MotorcycleFlagEncoder.<init>(IDI)V:99 - ReplaceConstant - 75 -> 1
112	ReplaceConstant	com.graphhopper.routing.util.MotorcycleFlagEncoder.<init>(IDI)V:99 - ReplaceConstant - 75 -> -1
113	ReplaceConstant	com.graphhopper.routing.util.MotorcycleFlagEncoder.<init>(IDI)V:99 - ReplaceConstant - 75 -> 74
114	ReplaceConstant	com.graphhopper.routing.util.MotorcycleFlagEncoder.<init>(IDI)V:99 - ReplaceConstant - 75 -> 76
115	ReplaceConstant	com.graphhopper.routing.util.MotorcycleFlagEncoder.<init>(IDI)V:101 - ReplaceConstant - primary -> 
116	ReplaceConstant	com.graphhopper.routing.util.MotorcycleFlagEncoder.<init>(IDI)V:101 - ReplaceConstant - 65 -> 0
117	ReplaceConstant	com.graphhopper.routing.util.MotorcycleFlagEncoder.<init>(IDI)V:101 - ReplaceConstant - 65 -> 1
118	ReplaceConstant	com.graphhopper.routing.util.MotorcycleFlagEncoder.<init>(IDI)V:101 - ReplaceConstant - 65 -> -1
119	ReplaceConstant	com.graphhopper.routing.util.MotorcycleFlagEncoder.<init>(IDI)V:101 - ReplaceConstant - 65 -> 64
120	ReplaceConstant	com.graphhopper.routing.util.MotorcycleFlagEncoder.<init>(IDI)V:101 - ReplaceConstant - 65 -> 66
121	ReplaceConstant	com.graphhopper.routing.util.MotorcycleFlagEncoder.<init>(IDI)V:102 - ReplaceConstant - primary_link -> 
122	ReplaceConstant	com.graphhopper.routing.util.MotorcycleFlagEncoder.<init>(IDI)V:102 - ReplaceConstant - 60 -> 0
123	ReplaceConstant	com.graphhopper.routing.util.MotorcycleFlagEncoder.<init>(IDI)V:102 - ReplaceConstant - 60 -> 1
124	ReplaceConstant	com.graphhopper.routing.util.MotorcycleFlagEncoder.<init>(IDI)V:102 - ReplaceConstant - 60 -> -1
125	ReplaceConstant	com.graphhopper.routing.util.MotorcycleFlagEncoder.<init>(IDI)V:102 - ReplaceConstant - 60 -> 59
126	ReplaceConstant	com.graphhopper.routing.util.MotorcycleFlagEncoder.<init>(IDI)V:102 - ReplaceConstant - 60 -> 61
127	ReplaceConstant	com.graphhopper.routing.util.MotorcycleFlagEncoder.<init>(IDI)V:104 - ReplaceConstant - secondary -> 
128	ReplaceConstant	com.graphhopper.routing.util.MotorcycleFlagEncoder.<init>(IDI)V:104 - ReplaceConstant - 60 -> 0
129	ReplaceConstant	com.graphhopper.routing.util.MotorcycleFlagEncoder.<init>(IDI)V:104 - ReplaceConstant - 60 -> 1
130	ReplaceConstant	com.graphhopper.routing.util.MotorcycleFlagEncoder.<init>(IDI)V:104 - ReplaceConstant - 60 -> -1
131	ReplaceConstant	com.graphhopper.routing.util.MotorcycleFlagEncoder.<init>(IDI)V:104 - ReplaceConstant - 60 -> 59
132	ReplaceConstant	com.graphhopper.routing.util.MotorcycleFlagEncoder.<init>(IDI)V:104 - ReplaceConstant - 60 -> 61
133	ReplaceConstant	com.graphhopper.routing.util.MotorcycleFlagEncoder.<init>(IDI)V:105 - ReplaceConstant - secondary_link -> 
134	ReplaceConstant	com.graphhopper.routing.util.MotorcycleFlagEncoder.<init>(IDI)V:105 - ReplaceConstant - 50 -> 0
135	ReplaceConstant	com.graphhopper.routing.util.MotorcycleFlagEncoder.<init>(IDI)V:105 - ReplaceConstant - 50 -> 1
136	ReplaceConstant	com.graphhopper.routing.util.MotorcycleFlagEncoder.<init>(IDI)V:105 - ReplaceConstant - 50 -> -1
137	ReplaceConstant	com.graphhopper.routing.util.MotorcycleFlagEncoder.<init>(IDI)V:105 - ReplaceConstant - 50 -> 49
138	ReplaceConstant	com.graphhopper.routing.util.MotorcycleFlagEncoder.<init>(IDI)V:105 - ReplaceConstant - 50 -> 51
139	ReplaceConstant	com.graphhopper.routing.util.MotorcycleFlagEncoder.<init>(IDI)V:107 - ReplaceConstant - tertiary -> 
140	ReplaceConstant	com.graphhopper.routing.util.MotorcycleFlagEncoder.<init>(IDI)V:107 - ReplaceConstant - 50 -> 0
141	ReplaceConstant	com.graphhopper.routing.util.MotorcycleFlagEncoder.<init>(IDI)V:107 - ReplaceConstant - 50 -> 1
142	ReplaceConstant	com.graphhopper.routing.util.MotorcycleFlagEncoder.<init>(IDI)V:107 - ReplaceConstant - 50 -> -1
143	ReplaceConstant	com.graphhopper.routing.util.MotorcycleFlagEncoder.<init>(IDI)V:107 - ReplaceConstant - 50 -> 49
144	ReplaceConstant	com.graphhopper.routing.util.MotorcycleFlagEncoder.<init>(IDI)V:107 - ReplaceConstant - 50 -> 51
145	ReplaceConstant	com.graphhopper.routing.util.MotorcycleFlagEncoder.<init>(IDI)V:108 - ReplaceConstant - tertiary_link -> 
146	ReplaceConstant	com.graphhopper.routing.util.MotorcycleFlagEncoder.<init>(IDI)V:108 - ReplaceConstant - 40 -> 0
147	ReplaceConstant	com.graphhopper.routing.util.MotorcycleFlagEncoder.<init>(IDI)V:108 - ReplaceConstant - 40 -> 1
148	ReplaceConstant	com.graphhopper.routing.util.MotorcycleFlagEncoder.<init>(IDI)V:108 - ReplaceConstant - 40 -> -1
149	ReplaceConstant	com.graphhopper.routing.util.MotorcycleFlagEncoder.<init>(IDI)V:108 - ReplaceConstant - 40 -> 39
150	ReplaceConstant	com.graphhopper.routing.util.MotorcycleFlagEncoder.<init>(IDI)V:108 - ReplaceConstant - 40 -> 41
151	ReplaceConstant	com.graphhopper.routing.util.MotorcycleFlagEncoder.<init>(IDI)V:109 - ReplaceConstant - unclassified -> 
152	ReplaceConstant	com.graphhopper.routing.util.MotorcycleFlagEncoder.<init>(IDI)V:109 - ReplaceConstant - 30 -> 0
153	ReplaceConstant	com.graphhopper.routing.util.MotorcycleFlagEncoder.<init>(IDI)V:109 - ReplaceConstant - 30 -> 1
154	ReplaceConstant	com.graphhopper.routing.util.MotorcycleFlagEncoder.<init>(IDI)V:109 - ReplaceConstant - 30 -> -1
155	ReplaceConstant	com.graphhopper.routing.util.MotorcycleFlagEncoder.<init>(IDI)V:109 - ReplaceConstant - 30 -> 29
156	ReplaceConstant	com.graphhopper.routing.util.MotorcycleFlagEncoder.<init>(IDI)V:109 - ReplaceConstant - 30 -> 31
157	ReplaceConstant	com.graphhopper.routing.util.MotorcycleFlagEncoder.<init>(IDI)V:110 - ReplaceConstant - residential -> 
158	ReplaceConstant	com.graphhopper.routing.util.MotorcycleFlagEncoder.<init>(IDI)V:110 - ReplaceConstant - 30 -> 0
159	ReplaceConstant	com.graphhopper.routing.util.MotorcycleFlagEncoder.<init>(IDI)V:110 - ReplaceConstant - 30 -> 1
160	ReplaceConstant	com.graphhopper.routing.util.MotorcycleFlagEncoder.<init>(IDI)V:110 - ReplaceConstant - 30 -> -1
161	ReplaceConstant	com.graphhopper.routing.util.MotorcycleFlagEncoder.<init>(IDI)V:110 - ReplaceConstant - 30 -> 29
162	ReplaceConstant	com.graphhopper.routing.util.MotorcycleFlagEncoder.<init>(IDI)V:110 - ReplaceConstant - 30 -> 31
163	ReplaceConstant	com.graphhopper.routing.util.MotorcycleFlagEncoder.<init>(IDI)V:112 - ReplaceConstant - living_street -> 
164	ReplaceConstant	com.graphhopper.routing.util.MotorcycleFlagEncoder.<init>(IDI)V:112 - ReplaceConstant - 5 -> 0
165	ReplaceConstant	com.graphhopper.routing.util.MotorcycleFlagEncoder.<init>(IDI)V:112 - ReplaceConstant - 5 -> 1
166	ReplaceConstant	com.graphhopper.routing.util.MotorcycleFlagEncoder.<init>(IDI)V:112 - ReplaceConstant - 5 -> -1
167	ReplaceConstant	com.graphhopper.routing.util.MotorcycleFlagEncoder.<init>(IDI)V:112 - ReplaceConstant - 5 -> 4
168	ReplaceConstant	com.graphhopper.routing.util.MotorcycleFlagEncoder.<init>(IDI)V:112 - ReplaceConstant - 5 -> 6
169	ReplaceConstant	com.graphhopper.routing.util.MotorcycleFlagEncoder.<init>(IDI)V:113 - ReplaceConstant - service -> 
170	ReplaceConstant	com.graphhopper.routing.util.MotorcycleFlagEncoder.<init>(IDI)V:113 - ReplaceConstant - 20 -> 0
171	ReplaceConstant	com.graphhopper.routing.util.MotorcycleFlagEncoder.<init>(IDI)V:113 - ReplaceConstant - 20 -> 1
172	ReplaceConstant	com.graphhopper.routing.util.MotorcycleFlagEncoder.<init>(IDI)V:113 - ReplaceConstant - 20 -> -1
173	ReplaceConstant	com.graphhopper.routing.util.MotorcycleFlagEncoder.<init>(IDI)V:113 - ReplaceConstant - 20 -> 19
174	ReplaceConstant	com.graphhopper.routing.util.MotorcycleFlagEncoder.<init>(IDI)V:113 - ReplaceConstant - 20 -> 21
175	ReplaceConstant	com.graphhopper.routing.util.MotorcycleFlagEncoder.<init>(IDI)V:115 - ReplaceConstant - road -> 
176	ReplaceConstant	com.graphhopper.routing.util.MotorcycleFlagEncoder.<init>(IDI)V:115 - ReplaceConstant - 20 -> 0
177	ReplaceConstant	com.graphhopper.routing.util.MotorcycleFlagEncoder.<init>(IDI)V:115 - ReplaceConstant - 20 -> 1
178	ReplaceConstant	com.graphhopper.routing.util.MotorcycleFlagEncoder.<init>(IDI)V:115 - ReplaceConstant - 20 -> -1
179	ReplaceConstant	com.graphhopper.routing.util.MotorcycleFlagEncoder.<init>(IDI)V:115 - ReplaceConstant - 20 -> 19
180	ReplaceConstant	com.graphhopper.routing.util.MotorcycleFlagEncoder.<init>(IDI)V:115 - ReplaceConstant - 20 -> 21
181	ReplaceConstant	com.graphhopper.routing.util.MotorcycleFlagEncoder.<init>(IDI)V:117 - ReplaceConstant - track -> 
182	ReplaceConstant	com.graphhopper.routing.util.MotorcycleFlagEncoder.<init>(IDI)V:117 - ReplaceConstant - 15 -> 0
183	ReplaceConstant	com.graphhopper.routing.util.MotorcycleFlagEncoder.<init>(IDI)V:117 - ReplaceConstant - 15 -> 1
184	ReplaceConstant	com.graphhopper.routing.util.MotorcycleFlagEncoder.<init>(IDI)V:117 - ReplaceConstant - 15 -> -1
185	ReplaceConstant	com.graphhopper.routing.util.MotorcycleFlagEncoder.<init>(IDI)V:117 - ReplaceConstant - 15 -> 14
186	ReplaceConstant	com.graphhopper.routing.util.MotorcycleFlagEncoder.<init>(IDI)V:117 - ReplaceConstant - 15 -> 16
187	ReplaceConstant	com.graphhopper.routing.util.MotorcycleFlagEncoder.getVersion()I:124 - ReplaceConstant - 2 -> 0
188	ReplaceConstant	com.graphhopper.routing.util.MotorcycleFlagEncoder.getVersion()I:124 - ReplaceConstant - 2 -> 1
189	ReplaceConstant	com.graphhopper.routing.util.MotorcycleFlagEncoder.getVersion()I:124 - ReplaceConstant - 2 -> -1
190	ReplaceConstant	com.graphhopper.routing.util.MotorcycleFlagEncoder.getVersion()I:124 - ReplaceConstant - 2 -> 3
191	InsertUnaryOp	com.graphhopper.routing.util.MotorcycleFlagEncoder.defineWayBits(II)I:133 - InsertUnaryOp Negation of index
192	InsertUnaryOp	com.graphhopper.routing.util.MotorcycleFlagEncoder.defineWayBits(II)I:133 - InsertUnaryOp IINC 1 index
193	InsertUnaryOp	com.graphhopper.routing.util.MotorcycleFlagEncoder.defineWayBits(II)I:133 - InsertUnaryOp IINC -1 index
194	InsertUnaryOp	com.graphhopper.routing.util.MotorcycleFlagEncoder.defineWayBits(II)I:133 - InsertUnaryOp Negation of shift
195	InsertUnaryOp	com.graphhopper.routing.util.MotorcycleFlagEncoder.defineWayBits(II)I:133 - InsertUnaryOp IINC 1 shift
196	InsertUnaryOp	com.graphhopper.routing.util.MotorcycleFlagEncoder.defineWayBits(II)I:133 - InsertUnaryOp IINC -1 shift
197	ReplaceConstant	com.graphhopper.routing.util.MotorcycleFlagEncoder.defineWayBits(II)I:134 - ReplaceConstant - Reverse Speed -> 
198	InsertUnaryOp	com.graphhopper.routing.util.MotorcycleFlagEncoder.defineWayBits(II)I:134 - InsertUnaryOp Negation of shift
199	InsertUnaryOp	com.graphhopper.routing.util.MotorcycleFlagEncoder.defineWayBits(II)I:134 - InsertUnaryOp IINC 1 shift
200	InsertUnaryOp	com.graphhopper.routing.util.MotorcycleFlagEncoder.defineWayBits(II)I:134 - InsertUnaryOp IINC -1 shift
201	InsertUnaryOp	com.graphhopper.routing.util.MotorcycleFlagEncoder.defineWayBits(II)I:134 - InsertUnaryOp Negation
202	InsertUnaryOp	com.graphhopper.routing.util.MotorcycleFlagEncoder.defineWayBits(II)I:134 - InsertUnaryOp +1
203	InsertUnaryOp	com.graphhopper.routing.util.MotorcycleFlagEncoder.defineWayBits(II)I:134 - InsertUnaryOp -1
204	InsertUnaryOp	com.graphhopper.routing.util.MotorcycleFlagEncoder.defineWayBits(II)I:134 - InsertUnaryOp Negation
205	ReplaceConstant	com.graphhopper.routing.util.MotorcycleFlagEncoder.defineWayBits(II)I:134 - ReplaceConstant - secondary -> 
206	InsertUnaryOp	com.graphhopper.routing.util.MotorcycleFlagEncoder.defineWayBits(II)I:135 - InsertUnaryOp Negation
207	InsertUnaryOp	com.graphhopper.routing.util.MotorcycleFlagEncoder.defineWayBits(II)I:135 - InsertUnaryOp +1
208	InsertUnaryOp	com.graphhopper.routing.util.MotorcycleFlagEncoder.defineWayBits(II)I:135 - InsertUnaryOp -1
209	InsertUnaryOp	com.graphhopper.routing.util.MotorcycleFlagEncoder.defineWayBits(II)I:136 - InsertUnaryOp Negation of shift
210	InsertUnaryOp	com.graphhopper.routing.util.MotorcycleFlagEncoder.defineWayBits(II)I:136 - InsertUnaryOp IINC 1 shift
211	InsertUnaryOp	com.graphhopper.routing.util.MotorcycleFlagEncoder.defineWayBits(II)I:136 - InsertUnaryOp IINC -1 shift
212	ReplaceArithmeticOperator	com.graphhopper.routing.util.MotorcycleFlagEncoder.defineWayBits(II)I:136 - ReplaceArithmeticOperator + -> %
213	ReplaceArithmeticOperator	com.graphhopper.routing.util.MotorcycleFlagEncoder.defineWayBits(II)I:136 - ReplaceArithmeticOperator + -> -
214	ReplaceArithmeticOperator	com.graphhopper.routing.util.MotorcycleFlagEncoder.defineWayBits(II)I:136 - ReplaceArithmeticOperator + -> *
215	ReplaceArithmeticOperator	com.graphhopper.routing.util.MotorcycleFlagEncoder.defineWayBits(II)I:136 - ReplaceArithmeticOperator + -> /
216	ReplaceConstant	com.graphhopper.routing.util.MotorcycleFlagEncoder.defineWayBits(II)I:138 - ReplaceConstant - PreferWay -> 
217	InsertUnaryOp	com.graphhopper.routing.util.MotorcycleFlagEncoder.defineWayBits(II)I:138 - InsertUnaryOp Negation of shift
218	InsertUnaryOp	com.graphhopper.routing.util.MotorcycleFlagEncoder.defineWayBits(II)I:138 - InsertUnaryOp IINC 1 shift
219	InsertUnaryOp	com.graphhopper.routing.util.MotorcycleFlagEncoder.defineWayBits(II)I:138 - InsertUnaryOp IINC -1 shift
220	ReplaceConstant	com.graphhopper.routing.util.MotorcycleFlagEncoder.defineWayBits(II)I:138 - ReplaceConstant - 3 -> 0
221	ReplaceConstant	com.graphhopper.routing.util.MotorcycleFlagEncoder.defineWayBits(II)I:138 - ReplaceConstant - 3 -> 1
222	ReplaceConstant	com.graphhopper.routing.util.MotorcycleFlagEncoder.defineWayBits(II)I:138 - ReplaceConstant - 3 -> -1
223	ReplaceConstant	com.graphhopper.routing.util.MotorcycleFlagEncoder.defineWayBits(II)I:138 - ReplaceConstant - 3 -> 2
224	ReplaceConstant	com.graphhopper.routing.util.MotorcycleFlagEncoder.defineWayBits(II)I:138 - ReplaceConstant - 3 -> 4
225	ReplaceConstant	com.graphhopper.routing.util.MotorcycleFlagEncoder.defineWayBits(II)I:138 - ReplaceConstant - 1.0 -> 0.0
226	ReplaceConstant	com.graphhopper.routing.util.MotorcycleFlagEncoder.defineWayBits(II)I:138 - ReplaceConstant - 1.0 -> -1.0
227	ReplaceConstant	com.graphhopper.routing.util.MotorcycleFlagEncoder.defineWayBits(II)I:138 - ReplaceConstant - 1.0 -> 2.0
228	ReplaceConstant	com.graphhopper.routing.util.MotorcycleFlagEncoder.defineWayBits(II)I:138 - ReplaceConstant - 3 -> 0
229	ReplaceConstant	com.graphhopper.routing.util.MotorcycleFlagEncoder.defineWayBits(II)I:138 - ReplaceConstant - 3 -> 1
230	ReplaceConstant	com.graphhopper.routing.util.MotorcycleFlagEncoder.defineWayBits(II)I:138 - ReplaceConstant - 3 -> -1
231	ReplaceConstant	com.graphhopper.routing.util.MotorcycleFlagEncoder.defineWayBits(II)I:138 - ReplaceConstant - 3 -> 2
232	ReplaceConstant	com.graphhopper.routing.util.MotorcycleFlagEncoder.defineWayBits(II)I:138 - ReplaceConstant - 3 -> 4
233	ReplaceConstant	com.graphhopper.routing.util.MotorcycleFlagEncoder.defineWayBits(II)I:138 - ReplaceConstant - 7 -> 0
234	ReplaceConstant	com.graphhopper.routing.util.MotorcycleFlagEncoder.defineWayBits(II)I:138 - ReplaceConstant - 7 -> 1
235	ReplaceConstant	com.graphhopper.routing.util.MotorcycleFlagEncoder.defineWayBits(II)I:138 - ReplaceConstant - 7 -> -1
236	ReplaceConstant	com.graphhopper.routing.util.MotorcycleFlagEncoder.defineWayBits(II)I:138 - ReplaceConstant - 7 -> 6
237	ReplaceConstant	com.graphhopper.routing.util.MotorcycleFlagEncoder.defineWayBits(II)I:138 - ReplaceConstant - 7 -> 8
238	InsertUnaryOp	com.graphhopper.routing.util.MotorcycleFlagEncoder.defineWayBits(II)I:139 - InsertUnaryOp Negation of shift
239	InsertUnaryOp	com.graphhopper.routing.util.MotorcycleFlagEncoder.defineWayBits(II)I:139 - InsertUnaryOp IINC 1 shift
240	InsertUnaryOp	com.graphhopper.routing.util.MotorcycleFlagEncoder.defineWayBits(II)I:139 - InsertUnaryOp IINC -1 shift
241	ReplaceArithmeticOperator	com.graphhopper.routing.util.MotorcycleFlagEncoder.defineWayBits(II)I:139 - ReplaceArithmeticOperator + -> %
242	ReplaceArithmeticOperator	com.graphhopper.routing.util.MotorcycleFlagEncoder.defineWayBits(II)I:139 - ReplaceArithmeticOperator + -> -
243	ReplaceArithmeticOperator	com.graphhopper.routing.util.MotorcycleFlagEncoder.defineWayBits(II)I:139 - ReplaceArithmeticOperator + -> *
244	ReplaceArithmeticOperator	com.graphhopper.routing.util.MotorcycleFlagEncoder.defineWayBits(II)I:139 - ReplaceArithmeticOperator + -> /
245	ReplaceConstant	com.graphhopper.routing.util.MotorcycleFlagEncoder.defineWayBits(II)I:141 - ReplaceConstant - Curvature -> 
246	InsertUnaryOp	com.graphhopper.routing.util.MotorcycleFlagEncoder.defineWayBits(II)I:141 - InsertUnaryOp Negation of shift
247	InsertUnaryOp	com.graphhopper.routing.util.MotorcycleFlagEncoder.defineWayBits(II)I:141 - InsertUnaryOp IINC 1 shift
248	InsertUnaryOp	com.graphhopper.routing.util.MotorcycleFlagEncoder.defineWayBits(II)I:141 - InsertUnaryOp IINC -1 shift
249	ReplaceConstant	com.graphhopper.routing.util.MotorcycleFlagEncoder.defineWayBits(II)I:141 - ReplaceConstant - 4 -> 0
250	ReplaceConstant	com.graphhopper.routing.util.MotorcycleFlagEncoder.defineWayBits(II)I:141 - ReplaceConstant - 4 -> 1
251	ReplaceConstant	com.graphhopper.routing.util.MotorcycleFlagEncoder.defineWayBits(II)I:141 - ReplaceConstant - 4 -> -1
252	ReplaceConstant	com.graphhopper.routing.util.MotorcycleFlagEncoder.defineWayBits(II)I:141 - ReplaceConstant - 4 -> 3
253	ReplaceConstant	com.graphhopper.routing.util.MotorcycleFlagEncoder.defineWayBits(II)I:141 - ReplaceConstant - 4 -> 5
254	ReplaceConstant	com.graphhopper.routing.util.MotorcycleFlagEncoder.defineWayBits(II)I:141 - ReplaceConstant - 1.0 -> 0.0
255	ReplaceConstant	com.graphhopper.routing.util.MotorcycleFlagEncoder.defineWayBits(II)I:141 - ReplaceConstant - 1.0 -> -1.0
256	ReplaceConstant	com.graphhopper.routing.util.MotorcycleFlagEncoder.defineWayBits(II)I:141 - ReplaceConstant - 1.0 -> 2.0
257	ReplaceConstant	com.graphhopper.routing.util.MotorcycleFlagEncoder.defineWayBits(II)I:141 - ReplaceConstant - 10 -> 0
258	ReplaceConstant	com.graphhopper.routing.util.MotorcycleFlagEncoder.defineWayBits(II)I:141 - ReplaceConstant - 10 -> 1
259	ReplaceConstant	com.graphhopper.routing.util.MotorcycleFlagEncoder.defineWayBits(II)I:141 - ReplaceConstant - 10 -> -1
260	ReplaceConstant	com.graphhopper.routing.util.MotorcycleFlagEncoder.defineWayBits(II)I:141 - ReplaceConstant - 10 -> 9
261	ReplaceConstant	com.graphhopper.routing.util.MotorcycleFlagEncoder.defineWayBits(II)I:141 - ReplaceConstant - 10 -> 11
262	ReplaceConstant	com.graphhopper.routing.util.MotorcycleFlagEncoder.defineWayBits(II)I:141 - ReplaceConstant - 10 -> 0
263	ReplaceConstant	com.graphhopper.routing.util.MotorcycleFlagEncoder.defineWayBits(II)I:141 - ReplaceConstant - 10 -> 1
264	ReplaceConstant	com.graphhopper.routing.util.MotorcycleFlagEncoder.defineWayBits(II)I:141 - ReplaceConstant - 10 -> -1
265	ReplaceConstant	com.graphhopper.routing.util.MotorcycleFlagEncoder.defineWayBits(II)I:141 - ReplaceConstant - 10 -> 9
266	ReplaceConstant	com.graphhopper.routing.util.MotorcycleFlagEncoder.defineWayBits(II)I:141 - ReplaceConstant - 10 -> 11
267	InsertUnaryOp	com.graphhopper.routing.util.MotorcycleFlagEncoder.defineWayBits(II)I:142 - InsertUnaryOp Negation of shift
268	InsertUnaryOp	com.graphhopper.routing.util.MotorcycleFlagEncoder.defineWayBits(II)I:142 - InsertUnaryOp IINC 1 shift
269	InsertUnaryOp	com.graphhopper.routing.util.MotorcycleFlagEncoder.defineWayBits(II)I:142 - InsertUnaryOp IINC -1 shift
270	ReplaceArithmeticOperator	com.graphhopper.routing.util.MotorcycleFlagEncoder.defineWayBits(II)I:142 - ReplaceArithmeticOperator + -> %
271	ReplaceArithmeticOperator	com.graphhopper.routing.util.MotorcycleFlagEncoder.defineWayBits(II)I:142 - ReplaceArithmeticOperator + -> -
272	ReplaceArithmeticOperator	com.graphhopper.routing.util.MotorcycleFlagEncoder.defineWayBits(II)I:142 - ReplaceArithmeticOperator + -> *
273	ReplaceArithmeticOperator	com.graphhopper.routing.util.MotorcycleFlagEncoder.defineWayBits(II)I:142 - ReplaceArithmeticOperator + -> /
274	InsertUnaryOp	com.graphhopper.routing.util.MotorcycleFlagEncoder.defineWayBits(II)I:144 - InsertUnaryOp Negation of shift
275	InsertUnaryOp	com.graphhopper.routing.util.MotorcycleFlagEncoder.defineWayBits(II)I:144 - InsertUnaryOp IINC 1 shift
276	InsertUnaryOp	com.graphhopper.routing.util.MotorcycleFlagEncoder.defineWayBits(II)I:144 - InsertUnaryOp IINC -1 shift
277	ReplaceConstant	com.graphhopper.routing.util.MotorcycleFlagEncoder.acceptWay(Lcom/graphhopper/reader/ReaderWay;)J:149 - ReplaceConstant - highway -> 
278	ReplaceComparisonOperator	com.graphhopper.routing.util.MotorcycleFlagEncoder.acceptWay(Lcom/graphhopper/reader/ReaderWay;)J:150 - ReplaceComparisonOperator != null -> = null
279	ReplaceConstant	com.graphhopper.routing.util.MotorcycleFlagEncoder.acceptWay(Lcom/graphhopper/reader/ReaderWay;)J:151 - ReplaceConstant - route -> 
280	ReplaceComparisonOperator	com.graphhopper.routing.util.MotorcycleFlagEncoder.acceptWay(Lcom/graphhopper/reader/ReaderWay;)J:151 - ReplaceComparisonOperator == -> -2
281	ReplaceComparisonOperator	com.graphhopper.routing.util.MotorcycleFlagEncoder.acceptWay(Lcom/graphhopper/reader/ReaderWay;)J:151 - ReplaceComparisonOperator == -> >=
282	ReplaceComparisonOperator	com.graphhopper.routing.util.MotorcycleFlagEncoder.acceptWay(Lcom/graphhopper/reader/ReaderWay;)J:151 - ReplaceComparisonOperator == -> <=
283	ReplaceConstant	com.graphhopper.routing.util.MotorcycleFlagEncoder.acceptWay(Lcom/graphhopper/reader/ReaderWay;)J:152 - ReplaceConstant - motorcycle -> 
284	ReplaceComparisonOperator	com.graphhopper.routing.util.MotorcycleFlagEncoder.acceptWay(Lcom/graphhopper/reader/ReaderWay;)J:153 - ReplaceComparisonOperator != null -> = null
285	ReplaceConstant	com.graphhopper.routing.util.MotorcycleFlagEncoder.acceptWay(Lcom/graphhopper/reader/ReaderWay;)J:154 - ReplaceConstant - motor_vehicle -> 
286	ReplaceComparisonOperator	com.graphhopper.routing.util.MotorcycleFlagEncoder.acceptWay(Lcom/graphhopper/reader/ReaderWay;)J:156 - ReplaceComparisonOperator != null -> = null
287	ReplaceConstant	com.graphhopper.routing.util.MotorcycleFlagEncoder.acceptWay(Lcom/graphhopper/reader/ReaderWay;)J:156 - ReplaceConstant - foot -> 
288	ReplaceConstant	com.graphhopper.routing.util.MotorcycleFlagEncoder.acceptWay(Lcom/graphhopper/reader/ReaderWay;)J:156 - ReplaceConstant - 0 -> 1
289	ReplaceComparisonOperator	com.graphhopper.routing.util.MotorcycleFlagEncoder.acceptWay(Lcom/graphhopper/reader/ReaderWay;)J:156 - ReplaceComparisonOperator != -> -1
290	ReplaceComparisonOperator	com.graphhopper.routing.util.MotorcycleFlagEncoder.acceptWay(Lcom/graphhopper/reader/ReaderWay;)J:156 - ReplaceComparisonOperator != -> <
291	ReplaceComparisonOperator	com.graphhopper.routing.util.MotorcycleFlagEncoder.acceptWay(Lcom/graphhopper/reader/ReaderWay;)J:156 - ReplaceComparisonOperator != -> >
292	ReplaceConstant	com.graphhopper.routing.util.MotorcycleFlagEncoder.acceptWay(Lcom/graphhopper/reader/ReaderWay;)J:156 - ReplaceConstant - bicycle -> 
293	ReplaceConstant	com.graphhopper.routing.util.MotorcycleFlagEncoder.acceptWay(Lcom/graphhopper/reader/ReaderWay;)J:156 - ReplaceConstant - 0 -> 1
294	ReplaceComparisonOperator	com.graphhopper.routing.util.MotorcycleFlagEncoder.acceptWay(Lcom/graphhopper/reader/ReaderWay;)J:156 - ReplaceComparisonOperator == -> -2
295	ReplaceComparisonOperator	com.graphhopper.routing.util.MotorcycleFlagEncoder.acceptWay(Lcom/graphhopper/reader/ReaderWay;)J:156 - ReplaceComparisonOperator == -> >=
296	ReplaceComparisonOperator	com.graphhopper.routing.util.MotorcycleFlagEncoder.acceptWay(Lcom/graphhopper/reader/ReaderWay;)J:156 - ReplaceComparisonOperator == -> <=
297	ReplaceConstant	com.graphhopper.routing.util.MotorcycleFlagEncoder.acceptWay(Lcom/graphhopper/reader/ReaderWay;)J:156 - ReplaceConstant - yes -> 
298	ReplaceComparisonOperator	com.graphhopper.routing.util.MotorcycleFlagEncoder.acceptWay(Lcom/graphhopper/reader/ReaderWay;)J:156 - ReplaceComparisonOperator == -> -2
299	ReplaceComparisonOperator	com.graphhopper.routing.util.MotorcycleFlagEncoder.acceptWay(Lcom/graphhopper/reader/ReaderWay;)J:156 - ReplaceComparisonOperator == -> >=
300	ReplaceComparisonOperator	com.graphhopper.routing.util.MotorcycleFlagEncoder.acceptWay(Lcom/graphhopper/reader/ReaderWay;)J:156 - ReplaceComparisonOperator == -> <=
301	InsertUnaryOp	com.graphhopper.routing.util.MotorcycleFlagEncoder.acceptWay(Lcom/graphhopper/reader/ReaderWay;)J:157 - InsertUnaryOp Negation
302	InsertUnaryOp	com.graphhopper.routing.util.MotorcycleFlagEncoder.acceptWay(Lcom/graphhopper/reader/ReaderWay;)J:157 - InsertUnaryOp Negation
303	ReplaceBitwiseOperator	com.graphhopper.routing.util.MotorcycleFlagEncoder.acceptWay(Lcom/graphhopper/reader/ReaderWay;)J:157 - ReplaceBitwiseOperator | -> ^
304	ReplaceBitwiseOperator	com.graphhopper.routing.util.MotorcycleFlagEncoder.acceptWay(Lcom/graphhopper/reader/ReaderWay;)J:157 - ReplaceBitwiseOperator | -> &
305	ReplaceConstant	com.graphhopper.routing.util.MotorcycleFlagEncoder.acceptWay(Lcom/graphhopper/reader/ReaderWay;)J:159 - ReplaceConstant - 0 -> 1
306	ReplaceConstant	com.graphhopper.routing.util.MotorcycleFlagEncoder.acceptWay(Lcom/graphhopper/reader/ReaderWay;)J:159 - ReplaceConstant - 0 -> -1
307	ReplaceConstant	com.graphhopper.routing.util.MotorcycleFlagEncoder.acceptWay(Lcom/graphhopper/reader/ReaderWay;)J:162 - ReplaceConstant - track -> 
308	ReplaceComparisonOperator	com.graphhopper.routing.util.MotorcycleFlagEncoder.acceptWay(Lcom/graphhopper/reader/ReaderWay;)J:162 - ReplaceComparisonOperator == -> -2
309	ReplaceComparisonOperator	com.graphhopper.routing.util.MotorcycleFlagEncoder.acceptWay(Lcom/graphhopper/reader/ReaderWay;)J:162 - ReplaceComparisonOperator == -> >=
310	ReplaceComparisonOperator	com.graphhopper.routing.util.MotorcycleFlagEncoder.acceptWay(Lcom/graphhopper/reader/ReaderWay;)J:162 - ReplaceComparisonOperator == -> <=
311	ReplaceConstant	com.graphhopper.routing.util.MotorcycleFlagEncoder.acceptWay(Lcom/graphhopper/reader/ReaderWay;)J:163 - ReplaceConstant - tracktype -> 
312	ReplaceComparisonOperator	com.graphhopper.routing.util.MotorcycleFlagEncoder.acceptWay(Lcom/graphhopper/reader/ReaderWay;)J:164 - ReplaceComparisonOperator = null -> != null
313	ReplaceConstant	com.graphhopper.routing.util.MotorcycleFlagEncoder.acceptWay(Lcom/graphhopper/reader/ReaderWay;)J:164 - ReplaceConstant - grade1 -> 
314	ReplaceComparisonOperator	com.graphhopper.routing.util.MotorcycleFlagEncoder.acceptWay(Lcom/graphhopper/reader/ReaderWay;)J:164 - ReplaceComparisonOperator != -> -1
315	ReplaceComparisonOperator	com.graphhopper.routing.util.MotorcycleFlagEncoder.acceptWay(Lcom/graphhopper/reader/ReaderWay;)J:164 - ReplaceComparisonOperator != -> <
316	ReplaceComparisonOperator	com.graphhopper.routing.util.MotorcycleFlagEncoder.acceptWay(Lcom/graphhopper/reader/ReaderWay;)J:164 - ReplaceComparisonOperator != -> >
317	ReplaceConstant	com.graphhopper.routing.util.MotorcycleFlagEncoder.acceptWay(Lcom/graphhopper/reader/ReaderWay;)J:165 - ReplaceConstant - 0 -> 1
318	ReplaceConstant	com.graphhopper.routing.util.MotorcycleFlagEncoder.acceptWay(Lcom/graphhopper/reader/ReaderWay;)J:165 - ReplaceConstant - 0 -> -1
319	ReplaceComparisonOperator	com.graphhopper.routing.util.MotorcycleFlagEncoder.acceptWay(Lcom/graphhopper/reader/ReaderWay;)J:168 - ReplaceComparisonOperator != -> -1
320	ReplaceComparisonOperator	com.graphhopper.routing.util.MotorcycleFlagEncoder.acceptWay(Lcom/graphhopper/reader/ReaderWay;)J:168 - ReplaceComparisonOperator != -> <
321	ReplaceComparisonOperator	com.graphhopper.routing.util.MotorcycleFlagEncoder.acceptWay(Lcom/graphhopper/reader/ReaderWay;)J:168 - ReplaceComparisonOperator != -> >
322	ReplaceConstant	com.graphhopper.routing.util.MotorcycleFlagEncoder.acceptWay(Lcom/graphhopper/reader/ReaderWay;)J:169 - ReplaceConstant - 0 -> 1
323	ReplaceConstant	com.graphhopper.routing.util.MotorcycleFlagEncoder.acceptWay(Lcom/graphhopper/reader/ReaderWay;)J:169 - ReplaceConstant - 0 -> -1
324	ReplaceConstant	com.graphhopper.routing.util.MotorcycleFlagEncoder.acceptWay(Lcom/graphhopper/reader/ReaderWay;)J:171 - ReplaceConstant - impassable -> 
325	ReplaceConstant	com.graphhopper.routing.util.MotorcycleFlagEncoder.acceptWay(Lcom/graphhopper/reader/ReaderWay;)J:171 - ReplaceConstant - yes -> 
326	ReplaceComparisonOperator	com.graphhopper.routing.util.MotorcycleFlagEncoder.acceptWay(Lcom/graphhopper/reader/ReaderWay;)J:171 - ReplaceComparisonOperator != -> -1
327	ReplaceComparisonOperator	com.graphhopper.routing.util.MotorcycleFlagEncoder.acceptWay(Lcom/graphhopper/reader/ReaderWay;)J:171 - ReplaceComparisonOperator != -> <
328	ReplaceComparisonOperator	com.graphhopper.routing.util.MotorcycleFlagEncoder.acceptWay(Lcom/graphhopper/reader/ReaderWay;)J:171 - ReplaceComparisonOperator != -> >
329	ReplaceConstant	com.graphhopper.routing.util.MotorcycleFlagEncoder.acceptWay(Lcom/graphhopper/reader/ReaderWay;)J:171 - ReplaceConstant - status -> 
330	ReplaceConstant	com.graphhopper.routing.util.MotorcycleFlagEncoder.acceptWay(Lcom/graphhopper/reader/ReaderWay;)J:171 - ReplaceConstant - impassable -> 
331	ReplaceComparisonOperator	com.graphhopper.routing.util.MotorcycleFlagEncoder.acceptWay(Lcom/graphhopper/reader/ReaderWay;)J:171 - ReplaceComparisonOperator == -> -2
332	ReplaceComparisonOperator	com.graphhopper.routing.util.MotorcycleFlagEncoder.acceptWay(Lcom/graphhopper/reader/ReaderWay;)J:171 - ReplaceComparisonOperator == -> >=
333	ReplaceComparisonOperator	com.graphhopper.routing.util.MotorcycleFlagEncoder.acceptWay(Lcom/graphhopper/reader/ReaderWay;)J:171 - ReplaceComparisonOperator == -> <=
334	ReplaceConstant	com.graphhopper.routing.util.MotorcycleFlagEncoder.acceptWay(Lcom/graphhopper/reader/ReaderWay;)J:172 - ReplaceConstant - 0 -> 1
335	ReplaceConstant	com.graphhopper.routing.util.MotorcycleFlagEncoder.acceptWay(Lcom/graphhopper/reader/ReaderWay;)J:172 - ReplaceConstant - 0 -> -1
336	ReplaceComparisonOperator	com.graphhopper.routing.util.MotorcycleFlagEncoder.acceptWay(Lcom/graphhopper/reader/ReaderWay;)J:175 - ReplaceComparisonOperator != -> -1
337	ReplaceComparisonOperator	com.graphhopper.routing.util.MotorcycleFlagEncoder.acceptWay(Lcom/graphhopper/reader/ReaderWay;)J:175 - ReplaceComparisonOperator != -> <
338	ReplaceComparisonOperator	com.graphhopper.routing.util.MotorcycleFlagEncoder.acceptWay(Lcom/graphhopper/reader/ReaderWay;)J:175 - ReplaceComparisonOperator != -> >
339	ReplaceComparisonOperator	com.graphhopper.routing.util.MotorcycleFlagEncoder.acceptWay(Lcom/graphhopper/reader/ReaderWay;)J:176 - ReplaceComparisonOperator == -> -2
340	ReplaceComparisonOperator	com.graphhopper.routing.util.MotorcycleFlagEncoder.acceptWay(Lcom/graphhopper/reader/ReaderWay;)J:176 - ReplaceComparisonOperator == -> >=
341	ReplaceComparisonOperator	com.graphhopper.routing.util.MotorcycleFlagEncoder.acceptWay(Lcom/graphhopper/reader/ReaderWay;)J:176 - ReplaceComparisonOperator == -> <=
342	ReplaceComparisonOperator	com.graphhopper.routing.util.MotorcycleFlagEncoder.acceptWay(Lcom/graphhopper/reader/ReaderWay;)J:176 - ReplaceComparisonOperator != -> -1
343	ReplaceComparisonOperator	com.graphhopper.routing.util.MotorcycleFlagEncoder.acceptWay(Lcom/graphhopper/reader/ReaderWay;)J:176 - ReplaceComparisonOperator != -> <
344	ReplaceComparisonOperator	com.graphhopper.routing.util.MotorcycleFlagEncoder.acceptWay(Lcom/graphhopper/reader/ReaderWay;)J:176 - ReplaceComparisonOperator != -> >
345	ReplaceConstant	com.graphhopper.routing.util.MotorcycleFlagEncoder.acceptWay(Lcom/graphhopper/reader/ReaderWay;)J:177 - ReplaceConstant - 0 -> 1
346	ReplaceConstant	com.graphhopper.routing.util.MotorcycleFlagEncoder.acceptWay(Lcom/graphhopper/reader/ReaderWay;)J:177 - ReplaceConstant - 0 -> -1
347	ReplaceComparisonOperator	com.graphhopper.routing.util.MotorcycleFlagEncoder.acceptWay(Lcom/graphhopper/reader/ReaderWay;)J:178 - ReplaceComparisonOperator == -> -2
348	ReplaceComparisonOperator	com.graphhopper.routing.util.MotorcycleFlagEncoder.acceptWay(Lcom/graphhopper/reader/ReaderWay;)J:178 - ReplaceComparisonOperator == -> >=
349	ReplaceComparisonOperator	com.graphhopper.routing.util.MotorcycleFlagEncoder.acceptWay(Lcom/graphhopper/reader/ReaderWay;)J:178 - ReplaceComparisonOperator == -> <=
350	InsertUnaryOp	com.graphhopper.routing.util.MotorcycleFlagEncoder.acceptWay(Lcom/graphhopper/reader/ReaderWay;)J:179 - InsertUnaryOp Negation
351	ReplaceComparisonOperator	com.graphhopper.routing.util.MotorcycleFlagEncoder.acceptWay(Lcom/graphhopper/reader/ReaderWay;)J:183 - ReplaceComparisonOperator == -> -2
352	ReplaceComparisonOperator	com.graphhopper.routing.util.MotorcycleFlagEncoder.acceptWay(Lcom/graphhopper/reader/ReaderWay;)J:183 - ReplaceComparisonOperator == -> >=
353	ReplaceComparisonOperator	com.graphhopper.routing.util.MotorcycleFlagEncoder.acceptWay(Lcom/graphhopper/reader/ReaderWay;)J:183 - ReplaceComparisonOperator == -> <=
354	ReplaceConstant	com.graphhopper.routing.util.MotorcycleFlagEncoder.acceptWay(Lcom/graphhopper/reader/ReaderWay;)J:183 - ReplaceConstant - ford -> 
355	ReplaceComparisonOperator	com.graphhopper.routing.util.MotorcycleFlagEncoder.acceptWay(Lcom/graphhopper/reader/ReaderWay;)J:183 - ReplaceComparisonOperator != -> -1
356	ReplaceComparisonOperator	com.graphhopper.routing.util.MotorcycleFlagEncoder.acceptWay(Lcom/graphhopper/reader/ReaderWay;)J:183 - ReplaceComparisonOperator != -> <
357	ReplaceComparisonOperator	com.graphhopper.routing.util.MotorcycleFlagEncoder.acceptWay(Lcom/graphhopper/reader/ReaderWay;)J:183 - ReplaceComparisonOperator != -> >
358	ReplaceConstant	com.graphhopper.routing.util.MotorcycleFlagEncoder.acceptWay(Lcom/graphhopper/reader/ReaderWay;)J:183 - ReplaceConstant - ford -> 
359	ReplaceConstant	com.graphhopper.routing.util.MotorcycleFlagEncoder.acceptWay(Lcom/graphhopper/reader/ReaderWay;)J:183 - ReplaceConstant - 0 -> 1
360	ReplaceComparisonOperator	com.graphhopper.routing.util.MotorcycleFlagEncoder.acceptWay(Lcom/graphhopper/reader/ReaderWay;)J:183 - ReplaceComparisonOperator == -> -2
361	ReplaceComparisonOperator	com.graphhopper.routing.util.MotorcycleFlagEncoder.acceptWay(Lcom/graphhopper/reader/ReaderWay;)J:183 - ReplaceComparisonOperator == -> >=
362	ReplaceComparisonOperator	com.graphhopper.routing.util.MotorcycleFlagEncoder.acceptWay(Lcom/graphhopper/reader/ReaderWay;)J:183 - ReplaceComparisonOperator == -> <=
363	ReplaceConstant	com.graphhopper.routing.util.MotorcycleFlagEncoder.acceptWay(Lcom/graphhopper/reader/ReaderWay;)J:184 - ReplaceConstant - 0 -> 1
364	ReplaceConstant	com.graphhopper.routing.util.MotorcycleFlagEncoder.acceptWay(Lcom/graphhopper/reader/ReaderWay;)J:184 - ReplaceConstant - 0 -> -1
365	ReplaceComparisonOperator	com.graphhopper.routing.util.MotorcycleFlagEncoder.acceptWay(Lcom/graphhopper/reader/ReaderWay;)J:186 - ReplaceComparisonOperator == -> -2
366	ReplaceComparisonOperator	com.graphhopper.routing.util.MotorcycleFlagEncoder.acceptWay(Lcom/graphhopper/reader/ReaderWay;)J:186 - ReplaceComparisonOperator == -> >=
367	ReplaceComparisonOperator	com.graphhopper.routing.util.MotorcycleFlagEncoder.acceptWay(Lcom/graphhopper/reader/ReaderWay;)J:186 - ReplaceComparisonOperator == -> <=
368	ReplaceConstant	com.graphhopper.routing.util.MotorcycleFlagEncoder.acceptWay(Lcom/graphhopper/reader/ReaderWay;)J:187 - ReplaceConstant - 0 -> 1
369	ReplaceConstant	com.graphhopper.routing.util.MotorcycleFlagEncoder.acceptWay(Lcom/graphhopper/reader/ReaderWay;)J:187 - ReplaceConstant - 0 -> -1
370	InsertUnaryOp	com.graphhopper.routing.util.MotorcycleFlagEncoder.acceptWay(Lcom/graphhopper/reader/ReaderWay;)J:189 - InsertUnaryOp Negation
371	InsertUnaryOp	com.graphhopper.routing.util.MotorcycleFlagEncoder.handleWayTags(Lcom/graphhopper/reader/ReaderWay;JJ)J:194 - InsertUnaryOp Negation of allowed
372	ReplaceComparisonOperator	com.graphhopper.routing.util.MotorcycleFlagEncoder.handleWayTags(Lcom/graphhopper/reader/ReaderWay;JJ)J:194 - ReplaceComparisonOperator != -> -1
373	ReplaceComparisonOperator	com.graphhopper.routing.util.MotorcycleFlagEncoder.handleWayTags(Lcom/graphhopper/reader/ReaderWay;JJ)J:194 - ReplaceComparisonOperator != -> <
374	ReplaceComparisonOperator	com.graphhopper.routing.util.MotorcycleFlagEncoder.handleWayTags(Lcom/graphhopper/reader/ReaderWay;JJ)J:194 - ReplaceComparisonOperator != -> >
375	ReplaceConstant	com.graphhopper.routing.util.MotorcycleFlagEncoder.handleWayTags(Lcom/graphhopper/reader/ReaderWay;JJ)J:195 - ReplaceConstant - 0 -> 1
376	ReplaceConstant	com.graphhopper.routing.util.MotorcycleFlagEncoder.handleWayTags(Lcom/graphhopper/reader/ReaderWay;JJ)J:195 - ReplaceConstant - 0 -> -1
377	ReplaceConstant	com.graphhopper.routing.util.MotorcycleFlagEncoder.handleWayTags(Lcom/graphhopper/reader/ReaderWay;JJ)J:197 - ReplaceConstant - 0 -> 1
378	ReplaceConstant	com.graphhopper.routing.util.MotorcycleFlagEncoder.handleWayTags(Lcom/graphhopper/reader/ReaderWay;JJ)J:197 - ReplaceConstant - 0 -> -1
379	InsertUnaryOp	com.graphhopper.routing.util.MotorcycleFlagEncoder.handleWayTags(Lcom/graphhopper/reader/ReaderWay;JJ)J:198 - InsertUnaryOp Negation of allowed
380	ReplaceComparisonOperator	com.graphhopper.routing.util.MotorcycleFlagEncoder.handleWayTags(Lcom/graphhopper/reader/ReaderWay;JJ)J:198 - ReplaceComparisonOperator != -> -1
381	ReplaceComparisonOperator	com.graphhopper.routing.util.MotorcycleFlagEncoder.handleWayTags(Lcom/graphhopper/reader/ReaderWay;JJ)J:198 - ReplaceComparisonOperator != -> <
382	ReplaceComparisonOperator	com.graphhopper.routing.util.MotorcycleFlagEncoder.handleWayTags(Lcom/graphhopper/reader/ReaderWay;JJ)J:198 - ReplaceComparisonOperator != -> >
383	InsertUnaryOp	com.graphhopper.routing.util.MotorcycleFlagEncoder.handleWayTags(Lcom/graphhopper/reader/ReaderWay;JJ)J:201 - InsertUnaryOp Negation of speed
384	ReplaceConstant	com.graphhopper.routing.util.MotorcycleFlagEncoder.handleWayTags(Lcom/graphhopper/reader/ReaderWay;JJ)J:203 - ReplaceConstant - maxspeed:motorcycle -> 
385	InsertUnaryOp	com.graphhopper.routing.util.MotorcycleFlagEncoder.handleWayTags(Lcom/graphhopper/reader/ReaderWay;JJ)J:204 - InsertUnaryOp Negation of maxMCSpeed
386	ReplaceConstant	com.graphhopper.routing.util.MotorcycleFlagEncoder.handleWayTags(Lcom/graphhopper/reader/ReaderWay;JJ)J:204 - ReplaceConstant - 0.0 -> 1.0
387	ReplaceConstant	com.graphhopper.routing.util.MotorcycleFlagEncoder.handleWayTags(Lcom/graphhopper/reader/ReaderWay;JJ)J:204 - ReplaceConstant - 0.0 -> -1.0
388	ReplaceComparisonOperator	com.graphhopper.routing.util.MotorcycleFlagEncoder.handleWayTags(Lcom/graphhopper/reader/ReaderWay;JJ)J:204 - ReplaceComparisonOperator <= -> -1
389	ReplaceComparisonOperator	com.graphhopper.routing.util.MotorcycleFlagEncoder.handleWayTags(Lcom/graphhopper/reader/ReaderWay;JJ)J:204 - ReplaceComparisonOperator <= -> ==
390	ReplaceComparisonOperator	com.graphhopper.routing.util.MotorcycleFlagEncoder.handleWayTags(Lcom/graphhopper/reader/ReaderWay;JJ)J:204 - ReplaceComparisonOperator <= -> <
391	InsertUnaryOp	com.graphhopper.routing.util.MotorcycleFlagEncoder.handleWayTags(Lcom/graphhopper/reader/ReaderWay;JJ)J:204 - InsertUnaryOp Negation of maxMCSpeed
392	InsertUnaryOp	com.graphhopper.routing.util.MotorcycleFlagEncoder.handleWayTags(Lcom/graphhopper/reader/ReaderWay;JJ)J:204 - InsertUnaryOp Negation of speed
393	ReplaceComparisonOperator	com.graphhopper.routing.util.MotorcycleFlagEncoder.handleWayTags(Lcom/graphhopper/reader/ReaderWay;JJ)J:204 - ReplaceComparisonOperator >= -> -1
394	ReplaceComparisonOperator	com.graphhopper.routing.util.MotorcycleFlagEncoder.handleWayTags(Lcom/graphhopper/reader/ReaderWay;JJ)J:204 - ReplaceComparisonOperator >= -> ==
395	ReplaceComparisonOperator	com.graphhopper.routing.util.MotorcycleFlagEncoder.handleWayTags(Lcom/graphhopper/reader/ReaderWay;JJ)J:204 - ReplaceComparisonOperator >= -> >
396	InsertUnaryOp	com.graphhopper.routing.util.MotorcycleFlagEncoder.handleWayTags(Lcom/graphhopper/reader/ReaderWay;JJ)J:205 - InsertUnaryOp Negation of maxMCSpeed
397	ReplaceConstant	com.graphhopper.routing.util.MotorcycleFlagEncoder.handleWayTags(Lcom/graphhopper/reader/ReaderWay;JJ)J:205 - ReplaceConstant - 0.9 -> 0.0
398	ReplaceConstant	com.graphhopper.routing.util.MotorcycleFlagEncoder.handleWayTags(Lcom/graphhopper/reader/ReaderWay;JJ)J:205 - ReplaceConstant - 0.9 -> 1.0
399	ReplaceConstant	com.graphhopper.routing.util.MotorcycleFlagEncoder.handleWayTags(Lcom/graphhopper/reader/ReaderWay;JJ)J:205 - ReplaceConstant - 0.9 -> -1.0
400	ReplaceConstant	com.graphhopper.routing.util.MotorcycleFlagEncoder.handleWayTags(Lcom/graphhopper/reader/ReaderWay;JJ)J:205 - ReplaceConstant - 0.9 -> -0.09999999999999998
401	ReplaceConstant	com.graphhopper.routing.util.MotorcycleFlagEncoder.handleWayTags(Lcom/graphhopper/reader/ReaderWay;JJ)J:205 - ReplaceConstant - 0.9 -> 1.9
402	ReplaceArithmeticOperator	com.graphhopper.routing.util.MotorcycleFlagEncoder.handleWayTags(Lcom/graphhopper/reader/ReaderWay;JJ)J:205 - ReplaceArithmeticOperator * -> +
403	ReplaceArithmeticOperator	com.graphhopper.routing.util.MotorcycleFlagEncoder.handleWayTags(Lcom/graphhopper/reader/ReaderWay;JJ)J:205 - ReplaceArithmeticOperator * -> %
404	ReplaceArithmeticOperator	com.graphhopper.routing.util.MotorcycleFlagEncoder.handleWayTags(Lcom/graphhopper/reader/ReaderWay;JJ)J:205 - ReplaceArithmeticOperator * -> -
405	ReplaceArithmeticOperator	com.graphhopper.routing.util.MotorcycleFlagEncoder.handleWayTags(Lcom/graphhopper/reader/ReaderWay;JJ)J:205 - ReplaceArithmeticOperator * -> /
406	InsertUnaryOp	com.graphhopper.routing.util.MotorcycleFlagEncoder.handleWayTags(Lcom/graphhopper/reader/ReaderWay;JJ)J:208 - InsertUnaryOp Negation of speed
407	ReplaceConstant	com.graphhopper.routing.util.MotorcycleFlagEncoder.handleWayTags(Lcom/graphhopper/reader/ReaderWay;JJ)J:208 - ReplaceConstant - 30.0 -> 0.0
408	ReplaceConstant	com.graphhopper.routing.util.MotorcycleFlagEncoder.handleWayTags(Lcom/graphhopper/reader/ReaderWay;JJ)J:208 - ReplaceConstant - 30.0 -> 1.0
409	ReplaceConstant	com.graphhopper.routing.util.MotorcycleFlagEncoder.handleWayTags(Lcom/graphhopper/reader/ReaderWay;JJ)J:208 - ReplaceConstant - 30.0 -> -1.0
410	ReplaceConstant	com.graphhopper.routing.util.MotorcycleFlagEncoder.handleWayTags(Lcom/graphhopper/reader/ReaderWay;JJ)J:208 - ReplaceConstant - 30.0 -> 29.0
411	ReplaceConstant	com.graphhopper.routing.util.MotorcycleFlagEncoder.handleWayTags(Lcom/graphhopper/reader/ReaderWay;JJ)J:208 - ReplaceConstant - 30.0 -> 31.0
412	ReplaceComparisonOperator	com.graphhopper.routing.util.MotorcycleFlagEncoder.handleWayTags(Lcom/graphhopper/reader/ReaderWay;JJ)J:208 - ReplaceComparisonOperator <= -> -1
413	ReplaceComparisonOperator	com.graphhopper.routing.util.MotorcycleFlagEncoder.handleWayTags(Lcom/graphhopper/reader/ReaderWay;JJ)J:208 - ReplaceComparisonOperator <= -> ==
414	ReplaceComparisonOperator	com.graphhopper.routing.util.MotorcycleFlagEncoder.handleWayTags(Lcom/graphhopper/reader/ReaderWay;JJ)J:208 - ReplaceComparisonOperator <= -> <
415	ReplaceConstant	com.graphhopper.routing.util.MotorcycleFlagEncoder.handleWayTags(Lcom/graphhopper/reader/ReaderWay;JJ)J:208 - ReplaceConstant - surface -> 
416	ReplaceComparisonOperator	com.graphhopper.routing.util.MotorcycleFlagEncoder.handleWayTags(Lcom/graphhopper/reader/ReaderWay;JJ)J:208 - ReplaceComparisonOperator == -> -2
417	ReplaceComparisonOperator	com.graphhopper.routing.util.MotorcycleFlagEncoder.handleWayTags(Lcom/graphhopper/reader/ReaderWay;JJ)J:208 - ReplaceComparisonOperator == -> >=
418	ReplaceComparisonOperator	com.graphhopper.routing.util.MotorcycleFlagEncoder.handleWayTags(Lcom/graphhopper/reader/ReaderWay;JJ)J:208 - ReplaceComparisonOperator == -> <=
419	ReplaceConstant	com.graphhopper.routing.util.MotorcycleFlagEncoder.handleWayTags(Lcom/graphhopper/reader/ReaderWay;JJ)J:209 - ReplaceConstant - 30.0 -> 0.0
420	ReplaceConstant	com.graphhopper.routing.util.MotorcycleFlagEncoder.handleWayTags(Lcom/graphhopper/reader/ReaderWay;JJ)J:209 - ReplaceConstant - 30.0 -> 1.0
421	ReplaceConstant	com.graphhopper.routing.util.MotorcycleFlagEncoder.handleWayTags(Lcom/graphhopper/reader/ReaderWay;JJ)J:209 - ReplaceConstant - 30.0 -> -1.0
422	ReplaceConstant	com.graphhopper.routing.util.MotorcycleFlagEncoder.handleWayTags(Lcom/graphhopper/reader/ReaderWay;JJ)J:209 - ReplaceConstant - 30.0 -> 29.0
423	ReplaceConstant	com.graphhopper.routing.util.MotorcycleFlagEncoder.handleWayTags(Lcom/graphhopper/reader/ReaderWay;JJ)J:209 - ReplaceConstant - 30.0 -> 31.0
424	ReplaceConstant	com.graphhopper.routing.util.MotorcycleFlagEncoder.handleWayTags(Lcom/graphhopper/reader/ReaderWay;JJ)J:211 - ReplaceConstant - junction -> 
425	ReplaceConstant	com.graphhopper.routing.util.MotorcycleFlagEncoder.handleWayTags(Lcom/graphhopper/reader/ReaderWay;JJ)J:211 - ReplaceConstant - roundabout -> 
426	InsertUnaryOp	com.graphhopper.routing.util.MotorcycleFlagEncoder.handleWayTags(Lcom/graphhopper/reader/ReaderWay;JJ)J:212 - InsertUnaryOp Negation of isRoundabout
427	InsertUnaryOp	com.graphhopper.routing.util.MotorcycleFlagEncoder.handleWayTags(Lcom/graphhopper/reader/ReaderWay;JJ)J:212 - InsertUnaryOp IINC 1 isRoundabout
428	InsertUnaryOp	com.graphhopper.routing.util.MotorcycleFlagEncoder.handleWayTags(Lcom/graphhopper/reader/ReaderWay;JJ)J:212 - InsertUnaryOp IINC -1 isRoundabout
429	ReplaceComparisonOperator	com.graphhopper.routing.util.MotorcycleFlagEncoder.handleWayTags(Lcom/graphhopper/reader/ReaderWay;JJ)J:212 - ReplaceComparisonOperator == -> -2
430	ReplaceComparisonOperator	com.graphhopper.routing.util.MotorcycleFlagEncoder.handleWayTags(Lcom/graphhopper/reader/ReaderWay;JJ)J:212 - ReplaceComparisonOperator == -> >=
431	ReplaceComparisonOperator	com.graphhopper.routing.util.MotorcycleFlagEncoder.handleWayTags(Lcom/graphhopper/reader/ReaderWay;JJ)J:212 - ReplaceComparisonOperator == -> <=
432	ReplaceConstant	com.graphhopper.routing.util.MotorcycleFlagEncoder.handleWayTags(Lcom/graphhopper/reader/ReaderWay;JJ)J:213 - ReplaceConstant - 0 -> 1
433	ReplaceConstant	com.graphhopper.routing.util.MotorcycleFlagEncoder.handleWayTags(Lcom/graphhopper/reader/ReaderWay;JJ)J:213 - ReplaceConstant - 0 -> -1
434	ReplaceConstant	com.graphhopper.routing.util.MotorcycleFlagEncoder.handleWayTags(Lcom/graphhopper/reader/ReaderWay;JJ)J:213 - ReplaceConstant - 2 -> 0
435	ReplaceConstant	com.graphhopper.routing.util.MotorcycleFlagEncoder.handleWayTags(Lcom/graphhopper/reader/ReaderWay;JJ)J:213 - ReplaceConstant - 2 -> 1
436	ReplaceConstant	com.graphhopper.routing.util.MotorcycleFlagEncoder.handleWayTags(Lcom/graphhopper/reader/ReaderWay;JJ)J:213 - ReplaceConstant - 2 -> -1
437	ReplaceConstant	com.graphhopper.routing.util.MotorcycleFlagEncoder.handleWayTags(Lcom/graphhopper/reader/ReaderWay;JJ)J:213 - ReplaceConstant - 2 -> 3
438	ReplaceConstant	com.graphhopper.routing.util.MotorcycleFlagEncoder.handleWayTags(Lcom/graphhopper/reader/ReaderWay;JJ)J:213 - ReplaceConstant - 1 -> 0
439	ReplaceConstant	com.graphhopper.routing.util.MotorcycleFlagEncoder.handleWayTags(Lcom/graphhopper/reader/ReaderWay;JJ)J:215 - ReplaceConstant - oneway -> 
440	ReplaceComparisonOperator	com.graphhopper.routing.util.MotorcycleFlagEncoder.handleWayTags(Lcom/graphhopper/reader/ReaderWay;JJ)J:215 - ReplaceComparisonOperator != -> -1
441	ReplaceComparisonOperator	com.graphhopper.routing.util.MotorcycleFlagEncoder.handleWayTags(Lcom/graphhopper/reader/ReaderWay;JJ)J:215 - ReplaceComparisonOperator != -> <
442	ReplaceComparisonOperator	com.graphhopper.routing.util.MotorcycleFlagEncoder.handleWayTags(Lcom/graphhopper/reader/ReaderWay;JJ)J:215 - ReplaceComparisonOperator != -> >
443	InsertUnaryOp	com.graphhopper.routing.util.MotorcycleFlagEncoder.handleWayTags(Lcom/graphhopper/reader/ReaderWay;JJ)J:215 - InsertUnaryOp Negation of isRoundabout
444	InsertUnaryOp	com.graphhopper.routing.util.MotorcycleFlagEncoder.handleWayTags(Lcom/graphhopper/reader/ReaderWay;JJ)J:215 - InsertUnaryOp IINC 1 isRoundabout
445	InsertUnaryOp	com.graphhopper.routing.util.MotorcycleFlagEncoder.handleWayTags(Lcom/graphhopper/reader/ReaderWay;JJ)J:215 - InsertUnaryOp IINC -1 isRoundabout
446	ReplaceComparisonOperator	com.graphhopper.routing.util.MotorcycleFlagEncoder.handleWayTags(Lcom/graphhopper/reader/ReaderWay;JJ)J:215 - ReplaceComparisonOperator == -> -2
447	ReplaceComparisonOperator	com.graphhopper.routing.util.MotorcycleFlagEncoder.handleWayTags(Lcom/graphhopper/reader/ReaderWay;JJ)J:215 - ReplaceComparisonOperator == -> >=
448	ReplaceComparisonOperator	com.graphhopper.routing.util.MotorcycleFlagEncoder.handleWayTags(Lcom/graphhopper/reader/ReaderWay;JJ)J:215 - ReplaceComparisonOperator == -> <=
449	ReplaceConstant	com.graphhopper.routing.util.MotorcycleFlagEncoder.handleWayTags(Lcom/graphhopper/reader/ReaderWay;JJ)J:216 - ReplaceConstant - oneway -> 
450	ReplaceConstant	com.graphhopper.routing.util.MotorcycleFlagEncoder.handleWayTags(Lcom/graphhopper/reader/ReaderWay;JJ)J:216 - ReplaceConstant - -1 -> 
451	ReplaceComparisonOperator	com.graphhopper.routing.util.MotorcycleFlagEncoder.handleWayTags(Lcom/graphhopper/reader/ReaderWay;JJ)J:216 - ReplaceComparisonOperator == -> -2
452	ReplaceComparisonOperator	com.graphhopper.routing.util.MotorcycleFlagEncoder.handleWayTags(Lcom/graphhopper/reader/ReaderWay;JJ)J:216 - ReplaceComparisonOperator == -> >=
453	ReplaceComparisonOperator	com.graphhopper.routing.util.MotorcycleFlagEncoder.handleWayTags(Lcom/graphhopper/reader/ReaderWay;JJ)J:216 - ReplaceComparisonOperator == -> <=
454	InsertUnaryOp	com.graphhopper.routing.util.MotorcycleFlagEncoder.handleWayTags(Lcom/graphhopper/reader/ReaderWay;JJ)J:217 - InsertUnaryOp Negation of flags
455	InsertUnaryOp	com.graphhopper.routing.util.MotorcycleFlagEncoder.handleWayTags(Lcom/graphhopper/reader/ReaderWay;JJ)J:217 - InsertUnaryOp Negation of speed
456	InsertUnaryOp	com.graphhopper.routing.util.MotorcycleFlagEncoder.handleWayTags(Lcom/graphhopper/reader/ReaderWay;JJ)J:218 - InsertUnaryOp Negation of flags
457	InsertUnaryOp	com.graphhopper.routing.util.MotorcycleFlagEncoder.handleWayTags(Lcom/graphhopper/reader/ReaderWay;JJ)J:218 - InsertUnaryOp Negation
458	ReplaceBitwiseOperator	com.graphhopper.routing.util.MotorcycleFlagEncoder.handleWayTags(Lcom/graphhopper/reader/ReaderWay;JJ)J:218 - ReplaceBitwiseOperator | -> ^
459	ReplaceBitwiseOperator	com.graphhopper.routing.util.MotorcycleFlagEncoder.handleWayTags(Lcom/graphhopper/reader/ReaderWay;JJ)J:218 - ReplaceBitwiseOperator | -> &
460	InsertUnaryOp	com.graphhopper.routing.util.MotorcycleFlagEncoder.handleWayTags(Lcom/graphhopper/reader/ReaderWay;JJ)J:220 - InsertUnaryOp Negation of flags
461	InsertUnaryOp	com.graphhopper.routing.util.MotorcycleFlagEncoder.handleWayTags(Lcom/graphhopper/reader/ReaderWay;JJ)J:220 - InsertUnaryOp Negation of speed
462	InsertUnaryOp	com.graphhopper.routing.util.MotorcycleFlagEncoder.handleWayTags(Lcom/graphhopper/reader/ReaderWay;JJ)J:221 - InsertUnaryOp Negation of flags
463	InsertUnaryOp	com.graphhopper.routing.util.MotorcycleFlagEncoder.handleWayTags(Lcom/graphhopper/reader/ReaderWay;JJ)J:221 - InsertUnaryOp Negation
464	ReplaceBitwiseOperator	com.graphhopper.routing.util.MotorcycleFlagEncoder.handleWayTags(Lcom/graphhopper/reader/ReaderWay;JJ)J:221 - ReplaceBitwiseOperator | -> ^
465	ReplaceBitwiseOperator	com.graphhopper.routing.util.MotorcycleFlagEncoder.handleWayTags(Lcom/graphhopper/reader/ReaderWay;JJ)J:221 - ReplaceBitwiseOperator | -> &
466	InsertUnaryOp	com.graphhopper.routing.util.MotorcycleFlagEncoder.handleWayTags(Lcom/graphhopper/reader/ReaderWay;JJ)J:224 - InsertUnaryOp Negation of flags
467	InsertUnaryOp	com.graphhopper.routing.util.MotorcycleFlagEncoder.handleWayTags(Lcom/graphhopper/reader/ReaderWay;JJ)J:224 - InsertUnaryOp Negation of speed
468	InsertUnaryOp	com.graphhopper.routing.util.MotorcycleFlagEncoder.handleWayTags(Lcom/graphhopper/reader/ReaderWay;JJ)J:225 - InsertUnaryOp Negation of flags
469	InsertUnaryOp	com.graphhopper.routing.util.MotorcycleFlagEncoder.handleWayTags(Lcom/graphhopper/reader/ReaderWay;JJ)J:225 - InsertUnaryOp Negation of speed
470	InsertUnaryOp	com.graphhopper.routing.util.MotorcycleFlagEncoder.handleWayTags(Lcom/graphhopper/reader/ReaderWay;JJ)J:226 - InsertUnaryOp Negation of flags
471	InsertUnaryOp	com.graphhopper.routing.util.MotorcycleFlagEncoder.handleWayTags(Lcom/graphhopper/reader/ReaderWay;JJ)J:226 - InsertUnaryOp Negation
472	ReplaceBitwiseOperator	com.graphhopper.routing.util.MotorcycleFlagEncoder.handleWayTags(Lcom/graphhopper/reader/ReaderWay;JJ)J:226 - ReplaceBitwiseOperator | -> ^
473	ReplaceBitwiseOperator	com.graphhopper.routing.util.MotorcycleFlagEncoder.handleWayTags(Lcom/graphhopper/reader/ReaderWay;JJ)J:226 - ReplaceBitwiseOperator | -> &
474	ReplaceConstant	com.graphhopper.routing.util.MotorcycleFlagEncoder.handleWayTags(Lcom/graphhopper/reader/ReaderWay;JJ)J:230 - ReplaceConstant - living_street -> 
475	ReplaceConstant	com.graphhopper.routing.util.MotorcycleFlagEncoder.handleWayTags(Lcom/graphhopper/reader/ReaderWay;JJ)J:230 - ReplaceConstant - service -> 
476	ReplaceConstant	com.graphhopper.routing.util.MotorcycleFlagEncoder.handleWayTags(Lcom/graphhopper/reader/ReaderWay;JJ)J:230 - ReplaceConstant - residential -> 
477	InsertUnaryOp	com.graphhopper.routing.util.MotorcycleFlagEncoder.handleWayTags(Lcom/graphhopper/reader/ReaderWay;JJ)J:231 - InsertUnaryOp Negation of flags
478	InsertUnaryOp	com.graphhopper.routing.util.MotorcycleFlagEncoder.handleWayTags(Lcom/graphhopper/reader/ReaderWay;JJ)J:231 - InsertUnaryOp Negation of ferrySpeed
479	InsertUnaryOp	com.graphhopper.routing.util.MotorcycleFlagEncoder.handleWayTags(Lcom/graphhopper/reader/ReaderWay;JJ)J:232 - InsertUnaryOp Negation of flags
480	InsertUnaryOp	com.graphhopper.routing.util.MotorcycleFlagEncoder.handleWayTags(Lcom/graphhopper/reader/ReaderWay;JJ)J:232 - InsertUnaryOp Negation of ferrySpeed
481	InsertUnaryOp	com.graphhopper.routing.util.MotorcycleFlagEncoder.handleWayTags(Lcom/graphhopper/reader/ReaderWay;JJ)J:233 - InsertUnaryOp Negation of flags
482	InsertUnaryOp	com.graphhopper.routing.util.MotorcycleFlagEncoder.handleWayTags(Lcom/graphhopper/reader/ReaderWay;JJ)J:233 - InsertUnaryOp Negation
483	ReplaceBitwiseOperator	com.graphhopper.routing.util.MotorcycleFlagEncoder.handleWayTags(Lcom/graphhopper/reader/ReaderWay;JJ)J:233 - ReplaceBitwiseOperator | -> ^
484	ReplaceBitwiseOperator	com.graphhopper.routing.util.MotorcycleFlagEncoder.handleWayTags(Lcom/graphhopper/reader/ReaderWay;JJ)J:233 - ReplaceBitwiseOperator | -> &
485	InsertUnaryOp	com.graphhopper.routing.util.MotorcycleFlagEncoder.handleWayTags(Lcom/graphhopper/reader/ReaderWay;JJ)J:237 - InsertUnaryOp Negation of flags
486	InsertUnaryOp	com.graphhopper.routing.util.MotorcycleFlagEncoder.handleWayTags(Lcom/graphhopper/reader/ReaderWay;JJ)J:237 - InsertUnaryOp Negation of priorityFromRelation
487	InsertUnaryOp	com.graphhopper.routing.util.MotorcycleFlagEncoder.handleWayTags(Lcom/graphhopper/reader/ReaderWay;JJ)J:240 - InsertUnaryOp Negation of flags
488	ReplaceConstant	com.graphhopper.routing.util.MotorcycleFlagEncoder.handleWayTags(Lcom/graphhopper/reader/ReaderWay;JJ)J:240 - ReplaceConstant - 10 -> 0
489	ReplaceConstant	com.graphhopper.routing.util.MotorcycleFlagEncoder.handleWayTags(Lcom/graphhopper/reader/ReaderWay;JJ)J:240 - ReplaceConstant - 10 -> 1
490	ReplaceConstant	com.graphhopper.routing.util.MotorcycleFlagEncoder.handleWayTags(Lcom/graphhopper/reader/ReaderWay;JJ)J:240 - ReplaceConstant - 10 -> -1
491	ReplaceConstant	com.graphhopper.routing.util.MotorcycleFlagEncoder.handleWayTags(Lcom/graphhopper/reader/ReaderWay;JJ)J:240 - ReplaceConstant - 10 -> 9
492	ReplaceConstant	com.graphhopper.routing.util.MotorcycleFlagEncoder.handleWayTags(Lcom/graphhopper/reader/ReaderWay;JJ)J:240 - ReplaceConstant - 10 -> 11
493	InsertUnaryOp	com.graphhopper.routing.util.MotorcycleFlagEncoder.handleWayTags(Lcom/graphhopper/reader/ReaderWay;JJ)J:242 - InsertUnaryOp Negation of flags
494	InsertUnaryOp	com.graphhopper.routing.util.MotorcycleFlagEncoder.getReverseSpeed(J)D:247 - InsertUnaryOp Negation of flags
495	InsertUnaryOp	com.graphhopper.routing.util.MotorcycleFlagEncoder.setReverseSpeed(JD)J:252 - InsertUnaryOp Negation of speed
496	ReplaceConstant	com.graphhopper.routing.util.MotorcycleFlagEncoder.setReverseSpeed(JD)J:252 - ReplaceConstant - 0.0 -> 1.0
497	ReplaceConstant	com.graphhopper.routing.util.MotorcycleFlagEncoder.setReverseSpeed(JD)J:252 - ReplaceConstant - 0.0 -> -1.0
498	ReplaceComparisonOperator	com.graphhopper.routing.util.MotorcycleFlagEncoder.setReverseSpeed(JD)J:252 - ReplaceComparisonOperator >= -> -1
499	ReplaceComparisonOperator	com.graphhopper.routing.util.MotorcycleFlagEncoder.setReverseSpeed(JD)J:252 - ReplaceComparisonOperator >= -> ==
500	ReplaceComparisonOperator	com.graphhopper.routing.util.MotorcycleFlagEncoder.setReverseSpeed(JD)J:252 - ReplaceComparisonOperator >= -> >
501	ReplaceConstant	com.graphhopper.routing.util.MotorcycleFlagEncoder.setReverseSpeed(JD)J:253 - ReplaceConstant - Speed cannot be negative:  -> 
502	InsertUnaryOp	com.graphhopper.routing.util.MotorcycleFlagEncoder.setReverseSpeed(JD)J:253 - InsertUnaryOp Negation of speed
503	ReplaceConstant	com.graphhopper.routing.util.MotorcycleFlagEncoder.setReverseSpeed(JD)J:253 - ReplaceConstant - , flags: -> 
504	InsertUnaryOp	com.graphhopper.routing.util.MotorcycleFlagEncoder.setReverseSpeed(JD)J:253 - InsertUnaryOp Negation of flags
505	InsertUnaryOp	com.graphhopper.routing.util.MotorcycleFlagEncoder.setReverseSpeed(JD)J:255 - InsertUnaryOp Negation of speed
506	InsertUnaryOp	com.graphhopper.routing.util.MotorcycleFlagEncoder.setReverseSpeed(JD)J:255 - InsertUnaryOp Negation
507	ReplaceConstant	com.graphhopper.routing.util.MotorcycleFlagEncoder.setReverseSpeed(JD)J:255 - ReplaceConstant - 2.0 -> 0.0
508	ReplaceConstant	com.graphhopper.routing.util.MotorcycleFlagEncoder.setReverseSpeed(JD)J:255 - ReplaceConstant - 2.0 -> 1.0
509	ReplaceConstant	com.graphhopper.routing.util.MotorcycleFlagEncoder.setReverseSpeed(JD)J:255 - ReplaceConstant - 2.0 -> -1.0
510	ReplaceConstant	com.graphhopper.routing.util.MotorcycleFlagEncoder.setReverseSpeed(JD)J:255 - ReplaceConstant - 2.0 -> 3.0
511	ReplaceArithmeticOperator	com.graphhopper.routing.util.MotorcycleFlagEncoder.setReverseSpeed(JD)J:255 - ReplaceArithmeticOperator / -> +
512	ReplaceArithmeticOperator	com.graphhopper.routing.util.MotorcycleFlagEncoder.setReverseSpeed(JD)J:255 - ReplaceArithmeticOperator / -> %
513	ReplaceArithmeticOperator	com.graphhopper.routing.util.MotorcycleFlagEncoder.setReverseSpeed(JD)J:255 - ReplaceArithmeticOperator / -> -
514	ReplaceArithmeticOperator	com.graphhopper.routing.util.MotorcycleFlagEncoder.setReverseSpeed(JD)J:255 - ReplaceArithmeticOperator / -> *
515	ReplaceComparisonOperator	com.graphhopper.routing.util.MotorcycleFlagEncoder.setReverseSpeed(JD)J:255 - ReplaceComparisonOperator >= -> -1
516	ReplaceComparisonOperator	com.graphhopper.routing.util.MotorcycleFlagEncoder.setReverseSpeed(JD)J:255 - ReplaceComparisonOperator >= -> ==
517	ReplaceComparisonOperator	com.graphhopper.routing.util.MotorcycleFlagEncoder.setReverseSpeed(JD)J:255 - ReplaceComparisonOperator >= -> >
518	InsertUnaryOp	com.graphhopper.routing.util.MotorcycleFlagEncoder.setReverseSpeed(JD)J:256 - InsertUnaryOp Negation of flags
519	InsertUnaryOp	com.graphhopper.routing.util.MotorcycleFlagEncoder.setReverseSpeed(JD)J:256 - InsertUnaryOp Negation of speed
520	ReplaceConstant	com.graphhopper.routing.util.MotorcycleFlagEncoder.setReverseSpeed(JD)J:256 - ReplaceConstant - 1 -> 0
521	InsertUnaryOp	com.graphhopper.routing.util.MotorcycleFlagEncoder.setReverseSpeed(JD)J:258 - InsertUnaryOp Negation of speed
522	ReplaceComparisonOperator	com.graphhopper.routing.util.MotorcycleFlagEncoder.setReverseSpeed(JD)J:258 - ReplaceComparisonOperator <= -> -1
523	ReplaceComparisonOperator	com.graphhopper.routing.util.MotorcycleFlagEncoder.setReverseSpeed(JD)J:258 - ReplaceComparisonOperator <= -> ==
524	ReplaceComparisonOperator	com.graphhopper.routing.util.MotorcycleFlagEncoder.setReverseSpeed(JD)J:258 - ReplaceComparisonOperator <= -> <
525	InsertUnaryOp	com.graphhopper.routing.util.MotorcycleFlagEncoder.setReverseSpeed(JD)J:261 - InsertUnaryOp Negation of flags
526	InsertUnaryOp	com.graphhopper.routing.util.MotorcycleFlagEncoder.setReverseSpeed(JD)J:261 - InsertUnaryOp Negation of speed
527	InsertUnaryOp	com.graphhopper.routing.util.MotorcycleFlagEncoder.setLowSpeed(JDZ)J:266 - InsertUnaryOp Negation of reverse
528	InsertUnaryOp	com.graphhopper.routing.util.MotorcycleFlagEncoder.setLowSpeed(JDZ)J:266 - InsertUnaryOp IINC 1 reverse
529	InsertUnaryOp	com.graphhopper.routing.util.MotorcycleFlagEncoder.setLowSpeed(JDZ)J:266 - InsertUnaryOp IINC -1 reverse
530	ReplaceComparisonOperator	com.graphhopper.routing.util.MotorcycleFlagEncoder.setLowSpeed(JDZ)J:266 - ReplaceComparisonOperator == -> -2
531	ReplaceComparisonOperator	com.graphhopper.routing.util.MotorcycleFlagEncoder.setLowSpeed(JDZ)J:266 - ReplaceComparisonOperator == -> >=
532	ReplaceComparisonOperator	com.graphhopper.routing.util.MotorcycleFlagEncoder.setLowSpeed(JDZ)J:266 - ReplaceComparisonOperator == -> <=
533	InsertUnaryOp	com.graphhopper.routing.util.MotorcycleFlagEncoder.setLowSpeed(JDZ)J:267 - InsertUnaryOp Negation of flags
534	ReplaceConstant	com.graphhopper.routing.util.MotorcycleFlagEncoder.setLowSpeed(JDZ)J:267 - ReplaceConstant - 0.0 -> 1.0
535	ReplaceConstant	com.graphhopper.routing.util.MotorcycleFlagEncoder.setLowSpeed(JDZ)J:267 - ReplaceConstant - 0.0 -> -1.0
536	ReplaceConstant	com.graphhopper.routing.util.MotorcycleFlagEncoder.setLowSpeed(JDZ)J:267 - ReplaceConstant - 1 -> 0
537	ReplaceConstant	com.graphhopper.routing.util.MotorcycleFlagEncoder.setLowSpeed(JDZ)J:267 - ReplaceConstant - 0 -> 1
538	InsertUnaryOp	com.graphhopper.routing.util.MotorcycleFlagEncoder.setLowSpeed(JDZ)J:269 - InsertUnaryOp Negation of flags
539	ReplaceConstant	com.graphhopper.routing.util.MotorcycleFlagEncoder.setLowSpeed(JDZ)J:269 - ReplaceConstant - 0.0 -> 1.0
540	ReplaceConstant	com.graphhopper.routing.util.MotorcycleFlagEncoder.setLowSpeed(JDZ)J:269 - ReplaceConstant - 0.0 -> -1.0
541	ReplaceConstant	com.graphhopper.routing.util.MotorcycleFlagEncoder.setLowSpeed(JDZ)J:269 - ReplaceConstant - 0 -> 1
542	ReplaceConstant	com.graphhopper.routing.util.MotorcycleFlagEncoder.setLowSpeed(JDZ)J:269 - ReplaceConstant - 0 -> 1
543	InsertUnaryOp	com.graphhopper.routing.util.MotorcycleFlagEncoder.flagsDefault(ZZ)J:274 - InsertUnaryOp Negation of forward
544	InsertUnaryOp	com.graphhopper.routing.util.MotorcycleFlagEncoder.flagsDefault(ZZ)J:274 - InsertUnaryOp IINC 1 forward
545	InsertUnaryOp	com.graphhopper.routing.util.MotorcycleFlagEncoder.flagsDefault(ZZ)J:274 - InsertUnaryOp IINC -1 forward
546	InsertUnaryOp	com.graphhopper.routing.util.MotorcycleFlagEncoder.flagsDefault(ZZ)J:274 - InsertUnaryOp Negation of backward
547	InsertUnaryOp	com.graphhopper.routing.util.MotorcycleFlagEncoder.flagsDefault(ZZ)J:274 - InsertUnaryOp IINC 1 backward
548	InsertUnaryOp	com.graphhopper.routing.util.MotorcycleFlagEncoder.flagsDefault(ZZ)J:274 - InsertUnaryOp IINC -1 backward
549	InsertUnaryOp	com.graphhopper.routing.util.MotorcycleFlagEncoder.flagsDefault(ZZ)J:275 - InsertUnaryOp Negation of backward
550	InsertUnaryOp	com.graphhopper.routing.util.MotorcycleFlagEncoder.flagsDefault(ZZ)J:275 - InsertUnaryOp IINC 1 backward
551	InsertUnaryOp	com.graphhopper.routing.util.MotorcycleFlagEncoder.flagsDefault(ZZ)J:275 - InsertUnaryOp IINC -1 backward
552	ReplaceComparisonOperator	com.graphhopper.routing.util.MotorcycleFlagEncoder.flagsDefault(ZZ)J:275 - ReplaceComparisonOperator == -> -2
553	ReplaceComparisonOperator	com.graphhopper.routing.util.MotorcycleFlagEncoder.flagsDefault(ZZ)J:275 - ReplaceComparisonOperator == -> >=
554	ReplaceComparisonOperator	com.graphhopper.routing.util.MotorcycleFlagEncoder.flagsDefault(ZZ)J:275 - ReplaceComparisonOperator == -> <=
555	InsertUnaryOp	com.graphhopper.routing.util.MotorcycleFlagEncoder.flagsDefault(ZZ)J:276 - InsertUnaryOp Negation of flags
556	InsertUnaryOp	com.graphhopper.routing.util.MotorcycleFlagEncoder.flagsDefault(ZZ)J:278 - InsertUnaryOp Negation of flags
557	InsertUnaryOp	com.graphhopper.routing.util.MotorcycleFlagEncoder.setProperties(DZZ)J:283 - InsertUnaryOp Negation of speed
558	InsertUnaryOp	com.graphhopper.routing.util.MotorcycleFlagEncoder.setProperties(DZZ)J:283 - InsertUnaryOp Negation of forward
559	InsertUnaryOp	com.graphhopper.routing.util.MotorcycleFlagEncoder.setProperties(DZZ)J:283 - InsertUnaryOp IINC 1 forward
560	InsertUnaryOp	com.graphhopper.routing.util.MotorcycleFlagEncoder.setProperties(DZZ)J:283 - InsertUnaryOp IINC -1 forward
561	InsertUnaryOp	com.graphhopper.routing.util.MotorcycleFlagEncoder.setProperties(DZZ)J:283 - InsertUnaryOp Negation of backward
562	InsertUnaryOp	com.graphhopper.routing.util.MotorcycleFlagEncoder.setProperties(DZZ)J:283 - InsertUnaryOp IINC 1 backward
563	InsertUnaryOp	com.graphhopper.routing.util.MotorcycleFlagEncoder.setProperties(DZZ)J:283 - InsertUnaryOp IINC -1 backward
564	InsertUnaryOp	com.graphhopper.routing.util.MotorcycleFlagEncoder.setProperties(DZZ)J:284 - InsertUnaryOp Negation of backward
565	InsertUnaryOp	com.graphhopper.routing.util.MotorcycleFlagEncoder.setProperties(DZZ)J:284 - InsertUnaryOp IINC 1 backward
566	InsertUnaryOp	com.graphhopper.routing.util.MotorcycleFlagEncoder.setProperties(DZZ)J:284 - InsertUnaryOp IINC -1 backward
567	ReplaceComparisonOperator	com.graphhopper.routing.util.MotorcycleFlagEncoder.setProperties(DZZ)J:284 - ReplaceComparisonOperator == -> -2
568	ReplaceComparisonOperator	com.graphhopper.routing.util.MotorcycleFlagEncoder.setProperties(DZZ)J:284 - ReplaceComparisonOperator == -> >=
569	ReplaceComparisonOperator	com.graphhopper.routing.util.MotorcycleFlagEncoder.setProperties(DZZ)J:284 - ReplaceComparisonOperator == -> <=
570	InsertUnaryOp	com.graphhopper.routing.util.MotorcycleFlagEncoder.setProperties(DZZ)J:285 - InsertUnaryOp Negation of flags
571	InsertUnaryOp	com.graphhopper.routing.util.MotorcycleFlagEncoder.setProperties(DZZ)J:285 - InsertUnaryOp Negation of speed
572	InsertUnaryOp	com.graphhopper.routing.util.MotorcycleFlagEncoder.setProperties(DZZ)J:287 - InsertUnaryOp Negation of flags
573	InsertUnaryOp	com.graphhopper.routing.util.MotorcycleFlagEncoder.reverseFlags(J)J:293 - InsertUnaryOp Negation of flags
574	InsertUnaryOp	com.graphhopper.routing.util.MotorcycleFlagEncoder.reverseFlags(J)J:296 - InsertUnaryOp Negation of flags
575	InsertUnaryOp	com.graphhopper.routing.util.MotorcycleFlagEncoder.reverseFlags(J)J:297 - InsertUnaryOp Negation of flags
576	InsertUnaryOp	com.graphhopper.routing.util.MotorcycleFlagEncoder.reverseFlags(J)J:297 - InsertUnaryOp Negation of flags
577	InsertUnaryOp	com.graphhopper.routing.util.MotorcycleFlagEncoder.reverseFlags(J)J:298 - InsertUnaryOp Negation of flags
578	InsertUnaryOp	com.graphhopper.routing.util.MotorcycleFlagEncoder.reverseFlags(J)J:298 - InsertUnaryOp Negation of otherValue
579	InsertUnaryOp	com.graphhopper.routing.util.MotorcycleFlagEncoder.getDouble(JI)D:303 - InsertUnaryOp Negation of key
580	InsertUnaryOp	com.graphhopper.routing.util.MotorcycleFlagEncoder.getDouble(JI)D:303 - InsertUnaryOp IINC 1 key
581	InsertUnaryOp	com.graphhopper.routing.util.MotorcycleFlagEncoder.getDouble(JI)D:303 - InsertUnaryOp IINC -1 key
582	InsertUnaryOp	com.graphhopper.routing.util.MotorcycleFlagEncoder.getDouble(JI)D:305 - InsertUnaryOp Negation of flags
583	ReplaceArithmeticOperator	com.graphhopper.routing.util.MotorcycleFlagEncoder.getDouble(JI)D:305 - ReplaceArithmeticOperator / -> +
584	ReplaceArithmeticOperator	com.graphhopper.routing.util.MotorcycleFlagEncoder.getDouble(JI)D:305 - ReplaceArithmeticOperator / -> %
585	ReplaceArithmeticOperator	com.graphhopper.routing.util.MotorcycleFlagEncoder.getDouble(JI)D:305 - ReplaceArithmeticOperator / -> -
586	ReplaceArithmeticOperator	com.graphhopper.routing.util.MotorcycleFlagEncoder.getDouble(JI)D:305 - ReplaceArithmeticOperator / -> *
587	InsertUnaryOp	com.graphhopper.routing.util.MotorcycleFlagEncoder.getDouble(JI)D:307 - InsertUnaryOp Negation of flags
588	ReplaceConstant	com.graphhopper.routing.util.MotorcycleFlagEncoder.getDouble(JI)D:307 - ReplaceConstant - 10.0 -> 0.0
589	ReplaceConstant	com.graphhopper.routing.util.MotorcycleFlagEncoder.getDouble(JI)D:307 - ReplaceConstant - 10.0 -> 1.0
590	ReplaceConstant	com.graphhopper.routing.util.MotorcycleFlagEncoder.getDouble(JI)D:307 - ReplaceConstant - 10.0 -> -1.0
591	ReplaceConstant	com.graphhopper.routing.util.MotorcycleFlagEncoder.getDouble(JI)D:307 - ReplaceConstant - 10.0 -> 9.0
592	ReplaceConstant	com.graphhopper.routing.util.MotorcycleFlagEncoder.getDouble(JI)D:307 - ReplaceConstant - 10.0 -> 11.0
593	ReplaceArithmeticOperator	com.graphhopper.routing.util.MotorcycleFlagEncoder.getDouble(JI)D:307 - ReplaceArithmeticOperator / -> +
594	ReplaceArithmeticOperator	com.graphhopper.routing.util.MotorcycleFlagEncoder.getDouble(JI)D:307 - ReplaceArithmeticOperator / -> %
595	ReplaceArithmeticOperator	com.graphhopper.routing.util.MotorcycleFlagEncoder.getDouble(JI)D:307 - ReplaceArithmeticOperator / -> -
596	ReplaceArithmeticOperator	com.graphhopper.routing.util.MotorcycleFlagEncoder.getDouble(JI)D:307 - ReplaceArithmeticOperator / -> *
597	InsertUnaryOp	com.graphhopper.routing.util.MotorcycleFlagEncoder.getDouble(JI)D:309 - InsertUnaryOp Negation of flags
598	InsertUnaryOp	com.graphhopper.routing.util.MotorcycleFlagEncoder.getDouble(JI)D:309 - InsertUnaryOp Negation of key
599	InsertUnaryOp	com.graphhopper.routing.util.MotorcycleFlagEncoder.getDouble(JI)D:309 - InsertUnaryOp IINC 1 key
600	InsertUnaryOp	com.graphhopper.routing.util.MotorcycleFlagEncoder.getDouble(JI)D:309 - InsertUnaryOp IINC -1 key
601	ReplaceConstant	com.graphhopper.routing.util.MotorcycleFlagEncoder.handlePriority(Lcom/graphhopper/reader/ReaderWay;J)I:314 - ReplaceConstant - highway -> 
602	ReplaceComparisonOperator	com.graphhopper.routing.util.MotorcycleFlagEncoder.handlePriority(Lcom/graphhopper/reader/ReaderWay;J)I:315 - ReplaceComparisonOperator == -> -2
603	ReplaceComparisonOperator	com.graphhopper.routing.util.MotorcycleFlagEncoder.handlePriority(Lcom/graphhopper/reader/ReaderWay;J)I:315 - ReplaceComparisonOperator == -> >=
604	ReplaceComparisonOperator	com.graphhopper.routing.util.MotorcycleFlagEncoder.handlePriority(Lcom/graphhopper/reader/ReaderWay;J)I:315 - ReplaceComparisonOperator == -> <=
605	ReplaceComparisonOperator	com.graphhopper.routing.util.MotorcycleFlagEncoder.handlePriority(Lcom/graphhopper/reader/ReaderWay;J)I:317 - ReplaceComparisonOperator == -> -2
606	ReplaceComparisonOperator	com.graphhopper.routing.util.MotorcycleFlagEncoder.handlePriority(Lcom/graphhopper/reader/ReaderWay;J)I:317 - ReplaceComparisonOperator == -> >=
607	ReplaceComparisonOperator	com.graphhopper.routing.util.MotorcycleFlagEncoder.handlePriority(Lcom/graphhopper/reader/ReaderWay;J)I:317 - ReplaceComparisonOperator == -> <=
608	InsertUnaryOp	com.graphhopper.routing.util.MotorcycleFlagEncoder.applyWayTags(Lcom/graphhopper/reader/ReaderWay;Lcom/graphhopper/util/EdgeIteratorState;)V:329 - InsertUnaryOp Negation of beelineDistance
609	InsertUnaryOp	com.graphhopper.routing.util.MotorcycleFlagEncoder.applyWayTags(Lcom/graphhopper/reader/ReaderWay;Lcom/graphhopper/util/EdgeIteratorState;)V:329 - InsertUnaryOp Negation of roadDistance
610	ReplaceArithmeticOperator	com.graphhopper.routing.util.MotorcycleFlagEncoder.applyWayTags(Lcom/graphhopper/reader/ReaderWay;Lcom/graphhopper/util/EdgeIteratorState;)V:329 - ReplaceArithmeticOperator / -> +
611	ReplaceArithmeticOperator	com.graphhopper.routing.util.MotorcycleFlagEncoder.applyWayTags(Lcom/graphhopper/reader/ReaderWay;Lcom/graphhopper/util/EdgeIteratorState;)V:329 - ReplaceArithmeticOperator / -> %
612	ReplaceArithmeticOperator	com.graphhopper.routing.util.MotorcycleFlagEncoder.applyWayTags(Lcom/graphhopper/reader/ReaderWay;Lcom/graphhopper/util/EdgeIteratorState;)V:329 - ReplaceArithmeticOperator / -> -
613	ReplaceArithmeticOperator	com.graphhopper.routing.util.MotorcycleFlagEncoder.applyWayTags(Lcom/graphhopper/reader/ReaderWay;Lcom/graphhopper/util/EdgeIteratorState;)V:329 - ReplaceArithmeticOperator / -> *
614	InsertUnaryOp	com.graphhopper.routing.util.MotorcycleFlagEncoder.applyWayTags(Lcom/graphhopper/reader/ReaderWay;Lcom/graphhopper/util/EdgeIteratorState;)V:331 - InsertUnaryOp Negation of bendiness
615	InsertUnaryOp	com.graphhopper.routing.util.MotorcycleFlagEncoder.applyWayTags(Lcom/graphhopper/reader/ReaderWay;Lcom/graphhopper/util/EdgeIteratorState;)V:331 - InsertUnaryOp Negation of speed
616	InsertUnaryOp	com.graphhopper.routing.util.MotorcycleFlagEncoder.applyWayTags(Lcom/graphhopper/reader/ReaderWay;Lcom/graphhopper/util/EdgeIteratorState;)V:332 - InsertUnaryOp Negation of bendiness
617	InsertUnaryOp	com.graphhopper.routing.util.MotorcycleFlagEncoder.applyWayTags(Lcom/graphhopper/reader/ReaderWay;Lcom/graphhopper/util/EdgeIteratorState;)V:333 - InsertUnaryOp Negation of bendiness
618	InsertUnaryOp	com.graphhopper.routing.util.MotorcycleFlagEncoder.applyWayTags(Lcom/graphhopper/reader/ReaderWay;Lcom/graphhopper/util/EdgeIteratorState;)V:335 - InsertUnaryOp Negation of bendiness
619	ReplaceConstant	com.graphhopper.routing.util.MotorcycleFlagEncoder.getBeelineDistance(Lcom/graphhopper/reader/ReaderWay;)D:339 - ReplaceConstant - estimated_distance -> 
620	ReplaceConstant	com.graphhopper.routing.util.MotorcycleFlagEncoder.getBeelineDistance(Lcom/graphhopper/reader/ReaderWay;)D:339 - ReplaceConstant - Infinity -> 0.0
621	ReplaceConstant	com.graphhopper.routing.util.MotorcycleFlagEncoder.getBeelineDistance(Lcom/graphhopper/reader/ReaderWay;)D:339 - ReplaceConstant - Infinity -> 1.0
622	ReplaceConstant	com.graphhopper.routing.util.MotorcycleFlagEncoder.getBeelineDistance(Lcom/graphhopper/reader/ReaderWay;)D:339 - ReplaceConstant - Infinity -> -1.0
623	ReplaceConstant	com.graphhopper.routing.util.MotorcycleFlagEncoder.getBeelineDistance(Lcom/graphhopper/reader/ReaderWay;)D:339 - ReplaceConstant - Infinity -> Infinity
624	InsertUnaryOp	com.graphhopper.routing.util.MotorcycleFlagEncoder.discriminateSlowStreets(DD)D:346 - InsertUnaryOp Negation of speed
625	ReplaceConstant	com.graphhopper.routing.util.MotorcycleFlagEncoder.discriminateSlowStreets(DD)D:346 - ReplaceConstant - 51.0 -> 0.0
626	ReplaceConstant	com.graphhopper.routing.util.MotorcycleFlagEncoder.discriminateSlowStreets(DD)D:346 - ReplaceConstant - 51.0 -> 1.0
627	ReplaceConstant	com.graphhopper.routing.util.MotorcycleFlagEncoder.discriminateSlowStreets(DD)D:346 - ReplaceConstant - 51.0 -> -1.0
628	ReplaceConstant	com.graphhopper.routing.util.MotorcycleFlagEncoder.discriminateSlowStreets(DD)D:346 - ReplaceConstant - 51.0 -> 50.0
629	ReplaceConstant	com.graphhopper.routing.util.MotorcycleFlagEncoder.discriminateSlowStreets(DD)D:346 - ReplaceConstant - 51.0 -> 52.0
630	ReplaceComparisonOperator	com.graphhopper.routing.util.MotorcycleFlagEncoder.discriminateSlowStreets(DD)D:346 - ReplaceComparisonOperator >= -> -1
631	ReplaceComparisonOperator	com.graphhopper.routing.util.MotorcycleFlagEncoder.discriminateSlowStreets(DD)D:346 - ReplaceComparisonOperator >= -> ==
632	ReplaceComparisonOperator	com.graphhopper.routing.util.MotorcycleFlagEncoder.discriminateSlowStreets(DD)D:346 - ReplaceComparisonOperator >= -> >
633	ReplaceConstant	com.graphhopper.routing.util.MotorcycleFlagEncoder.discriminateSlowStreets(DD)D:347 - ReplaceConstant - 1.0 -> 0.0
634	ReplaceConstant	com.graphhopper.routing.util.MotorcycleFlagEncoder.discriminateSlowStreets(DD)D:347 - ReplaceConstant - 1.0 -> -1.0
635	ReplaceConstant	com.graphhopper.routing.util.MotorcycleFlagEncoder.discriminateSlowStreets(DD)D:347 - ReplaceConstant - 1.0 -> 2.0
636	InsertUnaryOp	com.graphhopper.routing.util.MotorcycleFlagEncoder.discriminateSlowStreets(DD)D:349 - InsertUnaryOp Negation of bendiness
637	InsertUnaryOp	com.graphhopper.routing.util.MotorcycleFlagEncoder.correctErrors(D)D:359 - InsertUnaryOp Negation of bendiness
638	ReplaceConstant	com.graphhopper.routing.util.MotorcycleFlagEncoder.correctErrors(D)D:359 - ReplaceConstant - 0.01 -> 0.0
639	ReplaceConstant	com.graphhopper.routing.util.MotorcycleFlagEncoder.correctErrors(D)D:359 - ReplaceConstant - 0.01 -> 1.0
640	ReplaceConstant	com.graphhopper.routing.util.MotorcycleFlagEncoder.correctErrors(D)D:359 - ReplaceConstant - 0.01 -> -1.0
641	ReplaceConstant	com.graphhopper.routing.util.MotorcycleFlagEncoder.correctErrors(D)D:359 - ReplaceConstant - 0.01 -> -0.99
642	ReplaceConstant	com.graphhopper.routing.util.MotorcycleFlagEncoder.correctErrors(D)D:359 - ReplaceConstant - 0.01 -> 1.01
643	ReplaceComparisonOperator	com.graphhopper.routing.util.MotorcycleFlagEncoder.correctErrors(D)D:359 - ReplaceComparisonOperator < -> -2
644	ReplaceComparisonOperator	com.graphhopper.routing.util.MotorcycleFlagEncoder.correctErrors(D)D:359 - ReplaceComparisonOperator < -> !=
645	ReplaceComparisonOperator	com.graphhopper.routing.util.MotorcycleFlagEncoder.correctErrors(D)D:359 - ReplaceComparisonOperator < -> <=
646	InsertUnaryOp	com.graphhopper.routing.util.MotorcycleFlagEncoder.correctErrors(D)D:359 - InsertUnaryOp Negation of bendiness
647	ReplaceConstant	com.graphhopper.routing.util.MotorcycleFlagEncoder.correctErrors(D)D:359 - ReplaceConstant - 1.0 -> 0.0
648	ReplaceConstant	com.graphhopper.routing.util.MotorcycleFlagEncoder.correctErrors(D)D:359 - ReplaceConstant - 1.0 -> -1.0
649	ReplaceConstant	com.graphhopper.routing.util.MotorcycleFlagEncoder.correctErrors(D)D:359 - ReplaceConstant - 1.0 -> 2.0
650	ReplaceComparisonOperator	com.graphhopper.routing.util.MotorcycleFlagEncoder.correctErrors(D)D:359 - ReplaceComparisonOperator <= -> -1
651	ReplaceComparisonOperator	com.graphhopper.routing.util.MotorcycleFlagEncoder.correctErrors(D)D:359 - ReplaceComparisonOperator <= -> ==
652	ReplaceComparisonOperator	com.graphhopper.routing.util.MotorcycleFlagEncoder.correctErrors(D)D:359 - ReplaceComparisonOperator <= -> <
653	ReplaceConstant	com.graphhopper.routing.util.MotorcycleFlagEncoder.correctErrors(D)D:360 - ReplaceConstant - 1.0 -> 0.0
654	ReplaceConstant	com.graphhopper.routing.util.MotorcycleFlagEncoder.correctErrors(D)D:360 - ReplaceConstant - 1.0 -> -1.0
655	ReplaceConstant	com.graphhopper.routing.util.MotorcycleFlagEncoder.correctErrors(D)D:360 - ReplaceConstant - 1.0 -> 2.0
656	InsertUnaryOp	com.graphhopper.routing.util.MotorcycleFlagEncoder.correctErrors(D)D:362 - InsertUnaryOp Negation of bendiness
657	InsertUnaryOp	com.graphhopper.routing.util.MotorcycleFlagEncoder.increaseBendinessImpact(D)D:370 - InsertUnaryOp Negation of bendiness
658	ReplaceConstant	com.graphhopper.routing.util.MotorcycleFlagEncoder.increaseBendinessImpact(D)D:370 - ReplaceConstant - 2.0 -> 0.0
659	ReplaceConstant	com.graphhopper.routing.util.MotorcycleFlagEncoder.increaseBendinessImpact(D)D:370 - ReplaceConstant - 2.0 -> 1.0
660	ReplaceConstant	com.graphhopper.routing.util.MotorcycleFlagEncoder.increaseBendinessImpact(D)D:370 - ReplaceConstant - 2.0 -> -1.0
661	ReplaceConstant	com.graphhopper.routing.util.MotorcycleFlagEncoder.increaseBendinessImpact(D)D:370 - ReplaceConstant - 2.0 -> 3.0
662	ReplaceComparisonOperator	com.graphhopper.routing.util.MotorcycleFlagEncoder.supports(Ljava/lang/Class;)Z:375 - ReplaceComparisonOperator == -> -2
663	ReplaceComparisonOperator	com.graphhopper.routing.util.MotorcycleFlagEncoder.supports(Ljava/lang/Class;)Z:375 - ReplaceComparisonOperator == -> >=
664	ReplaceComparisonOperator	com.graphhopper.routing.util.MotorcycleFlagEncoder.supports(Ljava/lang/Class;)Z:375 - ReplaceComparisonOperator == -> <=
665	ReplaceConstant	com.graphhopper.routing.util.MotorcycleFlagEncoder.supports(Ljava/lang/Class;)Z:376 - ReplaceConstant - 1 -> 0
666	ReplaceComparisonOperator	com.graphhopper.routing.util.MotorcycleFlagEncoder.supports(Ljava/lang/Class;)Z:378 - ReplaceComparisonOperator == -> -2
667	ReplaceComparisonOperator	com.graphhopper.routing.util.MotorcycleFlagEncoder.supports(Ljava/lang/Class;)Z:378 - ReplaceComparisonOperator == -> >=
668	ReplaceComparisonOperator	com.graphhopper.routing.util.MotorcycleFlagEncoder.supports(Ljava/lang/Class;)Z:378 - ReplaceComparisonOperator == -> <=
669	ReplaceConstant	com.graphhopper.routing.util.MotorcycleFlagEncoder.supports(Ljava/lang/Class;)Z:379 - ReplaceConstant - 1 -> 0
670	InsertUnaryOp	com.graphhopper.routing.util.MotorcycleFlagEncoder.convertToInt(D)I:386 - InsertUnaryOp Negation of bendiness
671	ReplaceConstant	com.graphhopper.routing.util.MotorcycleFlagEncoder.convertToInt(D)I:386 - ReplaceConstant - 10.0 -> 0.0
672	ReplaceConstant	com.graphhopper.routing.util.MotorcycleFlagEncoder.convertToInt(D)I:386 - ReplaceConstant - 10.0 -> 1.0
673	ReplaceConstant	com.graphhopper.routing.util.MotorcycleFlagEncoder.convertToInt(D)I:386 - ReplaceConstant - 10.0 -> -1.0
674	ReplaceConstant	com.graphhopper.routing.util.MotorcycleFlagEncoder.convertToInt(D)I:386 - ReplaceConstant - 10.0 -> 9.0
675	ReplaceConstant	com.graphhopper.routing.util.MotorcycleFlagEncoder.convertToInt(D)I:386 - ReplaceConstant - 10.0 -> 11.0
676	ReplaceArithmeticOperator	com.graphhopper.routing.util.MotorcycleFlagEncoder.convertToInt(D)I:386 - ReplaceArithmeticOperator * -> +
677	ReplaceArithmeticOperator	com.graphhopper.routing.util.MotorcycleFlagEncoder.convertToInt(D)I:386 - ReplaceArithmeticOperator * -> %
678	ReplaceArithmeticOperator	com.graphhopper.routing.util.MotorcycleFlagEncoder.convertToInt(D)I:386 - ReplaceArithmeticOperator * -> -
679	ReplaceArithmeticOperator	com.graphhopper.routing.util.MotorcycleFlagEncoder.convertToInt(D)I:386 - ReplaceArithmeticOperator * -> /
680	InsertUnaryOp	com.graphhopper.routing.util.MotorcycleFlagEncoder.convertToInt(D)I:387 - InsertUnaryOp Negation of bendiness
681	ReplaceConstant	com.graphhopper.routing.util.MotorcycleFlagEncoder.toString()Ljava/lang/String;:392 - ReplaceConstant - motorcycle -> 
